25, 22, -32, 108, 1
26, 23, -32, 108, 1
27, 23, -32, 108, 1
28, 24, -32, 107, 1
29, 24, -32, 108, 1
30, 25, -32, 108, 1
31, 25, -32, 108, 1
32, 26, -32, 108, 1
33, 26, -32, 108, 1
34, 27, -32, 107, 1
35, 27, -32, 108, 1
36, 28, -32, 108, 1
37, 28, -32, 108, 1
38, 29, -32, 108, 1
39, 29, -32, 108, 1
40, 30, -32, 108, 1
41, 30, -32, 108, 1
42, 31, -32, 108, 1
43, 31, -32, 108, 1
44, 32, -32, 108, 1
45, 32, -32, 108, 1
46, 33, -32, 108, 1
47, 33, -32, 108, 1
48, 34, -32, 107, 1
49, 34, -32, 108, 1
50, 35, -32, 108, 1
51, 35, -32, 108, 1
52, 36, -32, 108, 1
53, 36, -32, 107, 1
54, 37, -32, 108, 1
55, 37, -32, 108, 1
56, 38, -32, 108, 1
57, 38, -32, 108, 1
58, 39, -32, 108, 1
59, 39, -32, 108, 1
60, 40, -32, 107, 1
61, 40, -32, 108, 1
62, 41, -32, 108, 1
63, 41, -32, 108, 1
64, 42, -32, 108, 1
65, 42, -32, 108, 1
66, 43, -32, 108, 1
67, 43, -32, 108, 1
68, 44, -32, 107, 1
69, 44, -32, 108, 1
70, 45, -32, 108, 1
71, 45, -32, 108, 1
72, 46, -32, 107, 1
73, 46, -32, 108, 1
74, 47, -32, 108, 1
75, 47, -32, 108, 1
76, 48, -32, 108, 1
77, 48, -32, 108, 1
78, 49, -32, 108, 1
79, 49, -32, 107, 1
80, 50, -32, 108, 1
81, 50, -32, 108, 1
82, 51, -32, 107, 1
83, 51, -32, 108, 1
84, 52, -32, 108, 1
85, 52, -32, 108, 1
86, 53, -32, 108, 1
87, 53, -32, 108, 1
88, 54, -32, 108, 1
89, 54, -32, 108, 1
90, 55, -32, 108, 1
91, 55, -32, 108, 1
92, 56, -32, 107, 1
93, 56, -32, 108, 1
94, 57, -32, 108, 1
95, 57, -32, 108, 1
96, 58, -32, 108, 1
97, 58, -32, 108, 1
98, 59, -32, 108, 1
99, 59, -32, 108, 1
100, 60, -32, 108, 1
101, 60, -32, 107, 1
102, 61, -32, 108, 1
103, 61, -32, 107, 1
104, 62, -32, 108, 1
105, 62, -32, 108, 1
106, 63, -32, 108, 1
107, 63, -32, 108, 1
108, 64, -32, 108, 1
109, 64, -32, 108, 1
110, 65, -32, 108, 1
111, 65, -32, 108, 1
112, 66, -32, 108, 1
113, 66, -33, 108, 1
114, 67, -32, 108, 1
115, 67, -32, 108, 1
116, 68, -32, 108, 1
117, 68, -32, 108, 1
118, 69, -32, 108, 1
119, 69, -33, 108, 1
120, 70, -33, 108, 1
121, 70, -33, 108, 1
122, 71, -33, 107, 1
123, 71, -33, 108, 1
124, 72, -33, 108, 1
125, 72, -33, 108, 1
126, 73, -33, 107, 1
127, 73, -33, 108, 1
128, 74, -33, 108, 1
129, 74, -33, 108, 1
130, 75, -33, 108, 1
131, 75, -33, 108, 1
132, 76, -33, 108, 1
133, 76, -33, 108, 1
134, 77, -33, 108, 1
135, 77, -33, 108, 1
136, 78, -33, 108, 1
137, 78, -33, 108, 1
138, 79, -33, 107, 1
139, 79, -33, 108, 1
140, 80, -33, 108, 1
141, 80, -33, 108, 1
142, 81, -33, 108, 1
143, 81, -33, 108, 1
144, 82, -33, 108, 1
145, 82, -33, 108, 1
146, 83, -33, 108, 1
147, 83, -33, 108, 1
148, 84, -33, 108, 1
149, 84, -33, 108, 1
150, 85, -33, 108, 1
151, 85, -33, 108, 1
152, 86, -33, 108, 1
153, 86, -33, 108, 1
154, 87, -33, 107, 1
155, 87, -33, 108, 1
156, 88, -33, 108, 1
157, 88, -33, 108, 1
158, 89, -33, 108, 1
159, 89, -33, 108, 1
160, 90, -33, 108, 1
161, 90, -33, 108, 1
162, 91, -33, 108, 1
163, 91, -33, 108, 1
164, 92, -33, 108, 1
165, 92, -33, 107, 1
166, 93, -33, 108, 1
167, 93, -33, 108, 1
168, 94, -33, 108, 1
169, 94, -33, 108, 1
170, 95, -33, 108, 1
171, 95, -33, 108, 1
172, 96, -33, 108, 1
173, 96, -33, 108, 1
174, 97, -33, 108, 1
175, 97, -33, 108, 1
176, 98, -33, 108, 1
177, 98, -33, 108, 1
178, 99, -33, 108, 1
179, 99, -33, 108, 1
180, 100, -33, 108, 1
181, 100, -33, 107, 1
182, 101, -33, 108, 1
183, 101, -33, 108, 1
184, 102, -33, 108, 1
185, 102, -33, 108, 1
186, 103, -33, 108, 1
187, 103, -33, 108, 1
188, 104, -32, 108, 1
189, 104, -32, 108, 1
190, 105, -32, 108, 1
191, 105, -33, 108, 1
192, 106, -33, 108, 1
193, 106, -33, 105, 1
194, 107, -33, 108, 1
195, 107, -33, 108, 1
196, 108, -32, 108, 1
197, 108, -33, 108, 1
198, 109, -33, 108, 1
199, 109, -33, 108, 1
200, 110, -33, 108, 1
201, 110, -32, 108, 1
202, 111, -32, 107, 1
203, 111, -33, 108, 1
204, 112, -33, 108, 1
205, 112, -33, 108, 1
206, 113, -32, 107, 1
207, 113, -32, 108, 1
208, 114, -32, 108, 1
209, 114, -32, 108, 1
210, 115, -32, 108, 1
211, 115, -33, 108, 1
212, 116, -32, 108, 1
213, 116, -32, 108, 1
214, 117, -32, 107, 1
215, 117, -33, 108, 1
216, 118, -32, 108, 1
217, 118, -32, 107, 1
218, 119, -33, 108, 1
219, 119, -32, 108, 1
220, 120, -33, 108, 1
221, 120, -33, 108, 1
222, 121, -32, 108, 1
223, 121, -33, 108, 1
224, 122, -32, 108, 1
225, 122, -32, 108, 1
226, 123, -32, 108, 1
227, 123, -33, 107, 1
228, 124, -32, 108, 1
229, 124, -33, 108, 1
230, 125, -33, 107, 1
231, 125, -33, 107, 1
232, 126, -33, 108, 1
233, 126, -33, 108, 1
234, 127, -33, 108, 1
235, 127, -33, 108, 1
236, 128, -33, 108, 1
237, 128, -33, 108, 1
238, 129, -33, 108, 1
239, 129, -33, 108, 1
240, 130, -33, 108, 1
241, 130, -32, 108, 1
242, 131, -33, 108, 1
243, 131, -33, 108, 1
244, 132, -33, 108, 1
245, 132, -33, 107, 1
246, 133, -33, 107, 1
247, 133, -32, 107, 1
248, 134, -33, 108, 1
249, 134, -33, 106, 1
250, 135, -33, 108, 1
251, 135, -33, 108, 1
252, 136, -33, 108, 1
253, 136, -33, 108, 1
254, 137, -33, 108, 1
255, 137, -33, 108, 1
256, 138, -33, 108, 1
257, 138, -33, 108, 1
258, 139, -33, 108, 1
259, 139, -33, 108, 1
260, 140, -33, 108, 1
261, 140, -33, 107, 1
262, 141, -33, 107, 1
263, 141, -33, 108, 1
264, 142, -33, 108, 1
265, 142, -33, 108, 1
266, 143, -33, 108, 1
267, 143, -33, 108, 1
268, 144, -33, 108, 1
269, 144, -33, 107, 1
270, 145, -33, 108, 1
271, 145, -33, 108, 1
272, 146, -33, 108, 1
273, 146, -33, 108, 1
274, 147, -33, 108, 1
275, 147, -33, 108, 1
276, 148, -33, 107, 1
277, 148, -33, 108, 1
278, 149, -33, 108, 1
279, 149, -33, 108, 1
280, 150, -33, 108, 1
281, 150, -32, 107, 1
282, 151, -33, 107, 1
283, 151, -33, 108, 1
284, 152, -33, 107, 1
285, 152, -33, 108, 1
286, 153, -33, 108, 1
287, 153, -33, 108, 1
288, 154, -33, 108, 1
289, 154, -33, 108, 1
290, 155, -33, 108, 1
291, 155, -33, 108, 1
292, 156, -33, 108, 1
293, 156, -33, 108, 1
294, 157, -33, 107, 1
295, 157, -33, 108, 1
296, 158, -33, 108, 1
297, 158, -33, 108, 1
298, 159, -33, 108, 1
299, 159, -33, 108, 1
300, 160, -33, 108, 1
301, 160, -33, 108, 1
302, 161, -33, 108, 1
303, 161, -33, 108, 1
304, 162, -33, 107, 1
305, 162, -33, 108, 1
306, 163, -33, 107, 1
307, 163, -33, 108, 1
308, 164, -33, 108, 1
309, 164, -33, 108, 1
310, 165, -33, 107, 1
311, 165, -33, 108, 1
312, 166, -33, 108, 1
313, 166, -33, 108, 1
314, 167, -33, 108, 1
315, 167, -33, 108, 1
316, 168, -33, 108, 1
317, 168, -33, 108, 1
318, 169, -33, 107, 1
319, 169, -33, 108, 1
320, 170, -33, 107, 1
321, 170, -33, 108, 1
322, 171, -33, 108, 1
323, 171, -33, 108, 1
324, 172, -33, 107, 1
325, 172, -33, 108, 1
326, 173, -33, 108, 1
327, 173, -33, 108, 1
328, 174, -33, 108, 1
329, 174, -33, 107, 1
330, 175, -33, 107, 1
331, 175, -33, 108, 1
332, 176, -33, 108, 1
333, 176, -33, 108, 1
334, 177, -33, 108, 1
335, 177, -33, 107, 1
336, 178, -33, 108, 1
337, 178, -33, 107, 1
338, 179, -33, 107, 1
339, 179, -33, 108, 1
340, 180, -33, 108, 1
341, 180, -33, 108, 1
342, 181, -33, 108, 1
343, 181, -33, 108, 1
344, 182, -33, 108, 1
345, 182, -33, 108, 1
346, 183, -33, 108, 1
347, 183, -33, 108, 1
348, 184, -33, 108, 1
349, 184, -33, 108, 1
350, 185, -33, 106, 1
351, 185, -33, 108, 1
352, 186, -33, 108, 1
353, 186, -33, 108, 1
354, 187, -33, 107, 1
355, 187, -33, 108, 1
356, 188, -33, 108, 1
357, 188, -33, 108, 1
358, 189, -33, 108, 1
359, 189, -33, 108, 1
360, 190, -33, 104, 1
361, 190, -33, 107, 1
362, 191, -33, 105, 1
363, 191, -33, 108, 1
364, 192, -33, 108, 1
365, 192, -32, 108, 1
366, 193, -33, 108, 1
367, 193, -33, 108, 1
368, 194, -32, 108, 1
369, 194, -33, 108, 1
370, 195, -33, 108, 1
371, 195, -33, 108, 1
372, 196, -33, 108, 1
373, 196, -33, 108, 1
374, 197, -33, 108, 1
375, 197, -32, 108, 1
376, 198, -32, 108, 1
377, 198, -33, 108, 1
378, 199, -33, 108, 1
379, 199, -32, 108, 1
380, 200, -33, 108, 1
381, 200, -32, 108, 1
382, 201, -33, 108, 1
383, 201, -33, 107, 1
384, 202, -33, 108, 1
385, 202, -33, 108, 1
386, 203, -33, 108, 1
387, 203, -33, 108, 1
388, 204, -33, 108, 1
389, 204, -33, 108, 1
390, 205, -32, 108, 1
391, 205, -32, 108, 1
392, 206, -33, 108, 1
393, 206, -33, 108, 1
394, 207, -33, 108, 1
395, 207, -33, 108, 1
396, 208, -32, 108, 1
397, 208, -32, 108, 1
398, 209, -32, 107, 1
399, 209, -32, 108, 1
400, 210, -33, 108, 1
401, 210, -33, 107, 1
402, 211, -32, 108, 1
403, 211, -32, 108, 1
404, 212, -32, 108, 1
405, 212, -32, 107, 1
406, 213, -33, 108, 1
407, 213, -33, 107, 1
408, 214, -33, 108, 1
409, 214, -33, 108, 1
410, 215, -33, 108, 1
411, 215, -33, 108, 1
412, 216, -33, 108, 1
413, 216, -33, 108, 1
414, 217, -33, 108, 1
415, 217, -33, 108, 1
416, 218, -33, 108, 1
417, 218, -32, 108, 1
418, 219, -33, 108, 1
419, 219, -33, 108, 1
420, 220, -33, 107, 1
421, 220, -33, 108, 1
422, 221, -33, 108, 1
423, 221, -33, 108, 1
424, 222, -32, 108, 1
425, 222, -33, 108, 1
426, 223, -33, 108, 1
427, 223, -33, 108, 1
428, 224, -33, 108, 1
429, 224, -33, 108, 1
430, 225, -32, 108, 1
431, 225, -33, 108, 1
432, 226, -33, 108, 1
433, 226, -33, 108, 1
434, 227, -33, 108, 1
435, 227, -32, 107, 1
436, 228, -32, 108, 1
437, 228, -33, 108, 1
438, 229, -33, 108, 1
439, 229, -33, 108, 1
440, 230, -33, 108, 1
441, 230, -33, 108, 1
442, 231, -33, 107, 1
443, 231, -33, 108, 1
444, 232, -33, 108, 1
445, 232, -33, 108, 1
446, 233, -33, 108, 1
447, 233, -33, 108, 1
448, 234, -33, 108, 1
449, 234, -33, 108, 1
450, 235, -33, 108, 1
451, 235, -33, 108, 1
452, 236, -33, 108, 1
453, 236, -33, 108, 1
454, 237, -33, 108, 1
455, 237, -33, 108, 1
456, 238, -33, 108, 1
457, 238, -33, 108, 1
458, 239, -33, 108, 1
459, 239, -33, 108, 1
460, 240, -33, 108, 1
461, 240, -33, 108, 1
462, 241, -33, 108, 1
463, 241, -33, 108, 1
464, 242, -33, 108, 1
465, 242, -33, 108, 1
466, 243, -33, 108, 1
467, 243, -33, 108, 1
468, 244, -33, 108, 1
469, 244, -33, 108, 1
470, 245, -33, 108, 1
471, 245, -33, 108, 1
472, 246, -33, 108, 1
473, 246, -33, 108, 1
474, 247, -33, 108, 1
475, 247, -33, 108, 1
476, 248, -32, 107, 1
477, 248, -33, 108, 1
478, 249, -32, 108, 1
479, 249, -33, 108, 1
480, 250, -33, 108, 1
481, 250, -33, 108, 1
482, 251, -33, 107, 1
483, 251, -33, 108, 1
484, 252, -33, 108, 1
485, 252, -33, 108, 1
486, 253, -33, 108, 1
487, 253, -33, 108, 1
488, 254, -33, 108, 1
489, 254, -33, 108, 1
490, 255, -33, 108, 1
491, 255, -33, 108, 1
492, 256, -33, 108, 1
493, 256, -33, 107, 1
494, 257, -33, 108, 1
495, 257, -33, 107, 1
496, 258, -33, 108, 1
497, 258, -33, 108, 1
498, 259, -33, 108, 1
499, 259, -33, 107, 1
500, 260, -33, 108, 1
501, 260, -33, 108, 1
502, 261, -33, 108, 1
503, 261, -33, 108, 1
504, 262, -33, 107, 1
505, 262, -33, 108, 1
506, 263, -33, 107, 1
507, 263, -33, 108, 1
508, 264, -33, 108, 1
509, 264, -33, 108, 1
510, 265, -33, 108, 1
511, 265, -32, 108, 1
512, 266, -33, 108, 1
513, 266, -33, 108, 1
514, 267, -33, 107, 1
515, 267, -33, 108, 1
516, 268, -33, 108, 1
517, 268, -33, 108, 1
518, 269, -33, 108, 1
519, 269, -33, 108, 1
520, 270, -33, 108, 1
521, 270, -33, 108, 1
522, 271, -33, 108, 1
523, 271, -33, 108, 1
524, 272, -32, 108, 1
525, 272, -33, 108, 1
526, 273, -32, 108, 1
527, 273, -33, 108, 1
528, 274, -33, 108, 1
529, 274, -33, 108, 1
530, 275, -33, 108, 1
531, 275, -33, 108, 1
532, 276, -33, 108, 1
533, 276, -33, 108, 1
534, 277, -33, 108, 1
535, 277, -33, 108, 1
536, 278, -33, 108, 1
537, 278, -32, 108, 1
538, 279, -33, 108, 1
539, 279, -33, 108, 1
540, 280, -33, 108, 1
541, 280, -32, 108, 1
542, 281, -32, 108, 1
543, 281, -33, 108, 1
544, 282, -32, 108, 1
545, 282, -32, 107, 1
546, 283, -32, 108, 1
547, 283, -32, 108, 1
548, 284, -32, 108, 1
549, 284, -32, 107, 1
550, 285, -32, 108, 1
551, 285, -33, 107, 1
552, 286, -33, 107, 1
553, 286, -33, 108, 1
554, 287, -32, 107, 1
555, 287, -33, 108, 1
556, 288, -33, 108, 1
557, 288, -33, 108, 1
558, 289, -32, 108, 1
559, 289, -32, 108, 1
560, 290, -33, 107, 1
561, 290, -33, 108, 1
562, 291, -32, 107, 1
563, 291, -33, 108, 1
564, 292, -32, 108, 1
565, 292, -33, 108, 1
566, 293, -32, 107, 1
567, 293, -33, 108, 1
568, 294, -32, 108, 1
569, 294, -32, 108, 1
570, 295, -32, 107, 1
571, 295, -33, 108, 1
572, 296, -33, 108, 1
573, 296, -33, 108, 1
574, 297, -32, 107, 1
575, 297, -33, 108, 1
576, 298, -33, 108, 1
577, 298, -33, 108, 1
578, 299, -33, 108, 1
579, 299, -33, 108, 1
580, 300, -33, 108, 1
581, 300, -32, 108, 1
582, 301, -32, 108, 1
583, 301, -33, 108, 1
584, 302, -33, 108, 1
585, 302, -32, 108, 1
586, 303, -33, 108, 1
587, 303, -32, 108, 1
588, 304, -32, 108, 1
589, 304, -32, 108, 1
590, 305, -32, 108, 1
591, 305, -32, 108, 1
592, 306, -32, 108, 1
593, 306, -32, 108, 1
594, 307, -33, 108, 1
595, 307, -32, 107, 1
596, 308, -32, 108, 1
597, 308, -32, 108, 1
598, 309, -32, 108, 1
599, 309, -33, 108, 1
600, 310, -32, 108, 1
601, 310, -32, 108, 1
602, 311, -32, 108, 1
603, 311, -32, 108, 1
604, 312, -32, 108, 1
605, 312, -32, 108, 1
606, 313, -33, 108, 1
607, 313, -32, 108, 1
608, 314, -33, 107, 1
609, 314, -33, 107, 1
610, 315, -33, 108, 1
611, 315, -33, 108, 1
612, 316, -33, 108, 1
613, 316, -32, 108, 1
614, 317, -33, 108, 1
615, 317, -33, 108, 1
616, 318, -33, 108, 1
617, 318, -33, 108, 1
618, 319, -33, 108, 1
619, 319, -33, 108, 1
620, 320, -33, 107, 1
621, 320, -33, 108, 1
622, 321, -33, 108, 1
623, 321, -33, 108, 1
624, 322, -33, 108, 1
625, 322, -33, 108, 1
626, 323, -33, 108, 1
627, 323, -33, 108, 1
628, 324, -33, 108, 1
629, 324, -33, 108, 1
630, 325, -33, 108, 1
631, 325, -33, 108, 1
632, 326, -33, 108, 1
633, 326, -33, 108, 1
634, 327, -33, 108, 1
635, 327, -33, 108, 1
636, 328, -32, 108, 1
637, 328, -33, 108, 1
638, 329, -33, 108, 1
639, 329, -33, 108, 1
640, 330, -33, 108, 1
641, 330, -32, 108, 1
642, 331, -32, 108, 1
643, 331, -33, 107, 1
644, 332, -32, 108, 1
645, 332, -33, 108, 1
646, 333, -33, 108, 1
647, 333, -33, 108, 1
648, 334, -32, 108, 1
649, 334, -33, 107, 1
650, 335, -33, 108, 1
651, 335, -33, 108, 1
652, 336, -32, 108, 1
653, 336, -32, 108, 1
654, 337, -32, 108, 1
655, 337, -32, 108, 1
656, 338, -33, 108, 1
657, 338, -33, 108, 1
658, 339, -33, 107, 1
659, 339, -33, 107, 1
660, 340, -33, 108, 1
661, 340, -32, 108, 1
662, 341, -33, 108, 1
663, 341, -32, 108, 1
664, 342, -33, 108, 1
665, 342, -33, 108, 1
666, 343, -33, 108, 1
667, 343, -33, 107, 1
668, 344, -33, 108, 1
669, 344, -33, 108, 1
670, 345, -33, 108, 1
671, 345, -33, 108, 1
672, 346, -33, 108, 1
673, 346, -33, 108, 1
674, 347, -33, 108, 1
675, 347, -33, 108, 1
676, 348, -33, 108, 1
677, 348, -33, 108, 1
678, 349, -33, 108, 1
679, 349, -32, 108, 1
680, 350, -33, 108, 1
681, 350, -33, 108, 1
682, 351, -33, 108, 1
683, 351, -33, 108, 1
684, 352, -33, 108, 1
685, 352, -33, 108, 1
686, 353, -32, 108, 1
687, 353, -33, 108, 1
688, 354, -33, 108, 1
689, 354, -33, 108, 1
690, 355, -33, 108, 1
691, 355, -33, 108, 1
692, 356, -33, 108, 1
693, 356, -33, 108, 1
694, 357, -33, 108, 1
695, 357, -33, 108, 1
696, 358, -33, 108, 1
697, 358, -32, 107, 1
698, 359, -32, 108, 1
699, 359, -32, 108, 1
700, 360, -32, 108, 1
701, 360, -32, 108, 1
702, 361, -32, 108, 1
703, 361, -32, 108, 1
704, 362, -33, 107, 1
705, 362, -32, 107, 1
706, 363, -32, 108, 1
707, 363, -33, 108, 1
708, 364, -32, 108, 1
709, 364, -32, 108, 1
710, 365, -32, 108, 1
711, 365, -33, 108, 1
712, 366, -33, 108, 1
713, 366, -33, 108, 1
714, 367, -33, 108, 1
715, 367, -33, 108, 1
716, 368, -33, 108, 1
717, 368, -33, 107, 1
718, 369, -33, 108, 1
719, 369, -33, 108, 1
720, 370, -32, 108, 1
721, 370, -33, 107, 1
722, 371, -33, 107, 1
723, 371, -33, 107, 1
724, 372, -32, 108, 1
725, 372, -33, 107, 1
726, 373, -32, 106, 1
727, 373, -33, 108, 1
728, 374, -33, 108, 1
729, 374, -33, 108, 1
730, 375, -33, 108, 1
731, 375, -33, 108, 1
732, 376, -33, 108, 1
733, 376, -33, 108, 1
734, 377, -33, 108, 1
735, 377, -33, 107, 1
736, 378, -33, 108, 1
737, 378, -33, 108, 1
738, 379, -33, 108, 1
739, 379, -33, 108, 1
740, 380, -32, 107, 1
741, 380, -33, 108, 1
742, 381, -33, 108, 1
743, 381, -33, 108, 1
744, 382, -32, 108, 1
745, 382, -32, 108, 1
746, 383, -33, 108, 1
747, 383, -33, 108, 1
748, 384, -33, 108, 1
749, 384, -33, 108, 1
750, 385, -33, 107, 1
751, 385, -33, 107, 1
752, 386, -33, 108, 1
753, 386, -32, 108, 1
754, 387, -33, 108, 1
755, 387, -33, 108, 1
756, 388, -33, 108, 1
757, 388, -32, 108, 1
758, 389, -33, 105, 1
759, 389, -33, 108, 1
760, 390, -33, 108, 1
761, 390, -33, 108, 1
762, 391, -33, 108, 1
763, 391, -33, 108, 1
764, 392, -33, 108, 1
765, 392, -32, 108, 1
766, 393, -32, 108, 1
767, 393, -33, 108, 1
768, 394, -33, 107, 1
769, 394, -33, 108, 1
770, 395, -33, 108, 1
771, 395, -33, 108, 1
772, 396, -33, 108, 1
773, 396, -33, 108, 1
774, 397, -33, 108, 1
775, 397, -33, 108, 1
776, 398, -33, 107, 1
777, 398, -32, 108, 1
778, 399, -33, 107, 1
779, 399, -33, 108, 1
780, 400, -33, 108, 1
781, 400, -32, 108, 1
782, 401, -32, 108, 1
783, 401, -32, 107, 1
784, 402, -33, 107, 1
785, 402, -32, 108, 1
786, 403, -33, 108, 1
787, 403, -33, 108, 1
788, 404, -32, 108, 1
789, 404, -32, 108, 1
790, 405, -32, 108, 1
791, 405, -32, 107, 1
792, 406, -32, 108, 1
793, 406, -32, 107, 1
794, 407, -32, 108, 1
795, 407, -32, 108, 1
796, 408, -32, 108, 1
797, 408, -32, 108, 1
798, 409, -32, 108, 1
799, 409, -33, 108, 1
800, 410, -32, 108, 1
801, 410, -33, 108, 1
802, 411, -33, 108, 1
803, 411, -33, 108, 1
804, 412, -33, 108, 1
805, 412, -33, 107, 1
806, 413, -32, 108, 1
807, 413, -32, 108, 1
808, 414, -32, 108, 1
809, 414, -32, 108, 1
810, 415, -32, 108, 1
811, 415, -32, 108, 1
812, 416, -32, 108, 1
813, 416, -32, 108, 1
814, 417, -32, 108, 1
815, 417, -32, 108, 1
816, 418, -32, 108, 1
817, 418, -33, 108, 1
818, 419, -32, 107, 1
819, 419, -33, 108, 1
820, 420, -32, 107, 1
821, 420, -33, 108, 1
822, 421, -32, 108, 1
823, 421, -32, 108, 1
824, 422, -32, 108, 1
825, 422, -33, 108, 1
826, 423, -32, 108, 1
827, 423, -33, 107, 1
828, 424, -33, 108, 1
829, 424, -33, 108, 1
830, 425, -33, 107, 1
831, 425, -32, 108, 1
832, 426, -32, 108, 1
833, 426, -32, 108, 1
834, 427, -32, 108, 1
835, 427, -32, 107, 1
836, 428, -32, 108, 1
837, 428, -32, 108, 1
838, 429, -32, 108, 1
839, 429, -31, 108, 1
840, 430, -32, 108, 1
841, 430, -32, 108, 1
842, 431, -32, 108, 1
843, 431, -32, 108, 1
844, 432, -32, 108, 1
845, 432, -32, 108, 1
846, 433, -33, 108, 1
847, 433, -33, 107, 1
848, 434, -32, 108, 1
849, 434, -32, 108, 1
850, 435, -32, 108, 1
851, 435, -32, 107, 1
852, 436, -32, 107, 1
853, 436, -32, 108, 1
854, 437, -32, 108, 1
855, 437, -32, 108, 1
856, 438, -32, 106, 1
857, 438, -32, 108, 1
858, 439, -33, 108, 1
859, 439, -32, 108, 1
860, 440, -33, 108, 1
861, 440, -32, 108, 1
862, 441, -32, 108, 1
863, 441, -32, 108, 1
864, 442, -32, 108, 1
865, 442, -32, 108, 1
866, 443, -32, 108, 1
867, 443, -33, 108, 1
868, 444, -32, 108, 1
869, 444, -32, 108, 1
870, 445, -33, 108, 1
871, 445, -32, 108, 1
872, 446, -32, 108, 1
873, 446, -32, 108, 1
874, 447, -32, 108, 1
875, 447, -32, 108, 1
876, 448, -32, 108, 1
877, 448, -32, 108, 1
878, 449, -32, 108, 1
879, 449, -32, 107, 1
880, 450, -32, 107, 1
881, 450, -32, 108, 1
882, 451, -32, 108, 1
883, 451, -32, 108, 1
884, 452, -32, 108, 1
885, 452, -32, 108, 1
886, 453, -32, 108, 1
887, 453, -33, 108, 1
888, 454, -33, 108, 1
889, 454, -32, 108, 1
890, 455, -32, 108, 1
891, 455, -32, 108, 1
892, 456, -32, 108, 1
893, 456, -33, 108, 1
894, 457, -32, 108, 1
895, 457, -32, 108, 1
896, 458, -33, 108, 1
897, 458, -33, 108, 1
898, 459, -33, 108, 1
899, 459, -32, 108, 1
900, 460, -33, 108, 1
901, 460, -33, 107, 1
902, 461, -32, 108, 1
903, 461, -32, 108, 1
904, 462, -33, 108, 1
905, 462, -33, 108, 1
906, 463, -33, 108, 1
907, 463, -32, 108, 1
908, 464, -32, 108, 1
909, 464, -33, 107, 1
910, 465, -33, 108, 1
911, 465, -33, 108, 1
912, 466, -33, 108, 1
913, 466, -33, 108, 1
914, 467, -33, 108, 1
915, 467, -33, 108, 1
916, 468, -33, 107, 1
917, 468, -33, 108, 1
918, 469, -33, 108, 1
919, 469, -33, 108, 1
920, 470, -33, 108, 1
921, 470, -33, 108, 1
922, 471, -33, 108, 1
923, 471, -33, 108, 1
924, 472, -33, 108, 1
925, 472, -33, 108, 1
926, 473, -33, 108, 1
927, 473, -33, 108, 1
928, 474, -33, 108, 1
929, 474, -33, 108, 1
930, 475, -33, 108, 1
931, 475, -33, 108, 1
932, 476, -33, 108, 1
933, 476, -33, 108, 1
934, 477, -33, 108, 1
935, 477, -33, 108, 1
936, 478, -33, 108, 1
937, 478, -33, 108, 1
938, 479, -33, 108, 1
939, 479, -33, 108, 1
940, 480, -33, 108, 1
941, 480, -33, 108, 1
942, 481, -33, 108, 1
943, 481, -33, 108, 1
944, 482, -33, 108, 1
945, 482, -32, 108, 1
946, 483, -32, 108, 1
947, 483, -32, 108, 1
948, 484, -32, 108, 1
949, 484, -33, 108, 1
950, 485, -33, 108, 1
951, 485, -33, 108, 1
952, 486, -32, 108, 1
953, 486, -32, 108, 1
954, 487, -32, 107, 1
955, 487, -32, 108, 1
956, 488, -33, 108, 1
957, 488, -33, 108, 1
958, 489, -33, 108, 1
959, 489, -32, 108, 1
960, 490, -32, 108, 1
961, 490, -32, 108, 1
962, 491, -32, 108, 1
963, 491, -33, 108, 1
964, 492, -33, 108, 1
965, 492, -33, 108, 1
966, 493, -33, 108, 1
967, 493, -32, 108, 1
968, 494, -32, 108, 1
969, 494, -32, 108, 1
970, 495, -32, 108, 1
971, 495, -33, 108, 1
972, 496, -33, 108, 1
973, 496, -33, 108, 1
974, 497, -32, 107, 1
975, 497, -33, 108, 1
976, 498, -33, 108, 1
977, 498, -33, 107, 1
978, 499, -33, 108, 1
979, 499, -33, 108, 1
980, 500, -33, 108, 1
981, 500, -33, 108, 1
982, 501, -33, 108, 1
983, 501, -32, 108, 1
984, 502, -33, 107, 1
985, 502, -33, 108, 1
986, 503, -33, 107, 1
987, 503, -33, 108, 1
988, 504, -33, 108, 1
989, 504, -33, 108, 1
990, 505, -33, 108, 1
991, 505, -33, 108, 1
992, 506, -33, 107, 1
993, 506, -33, 108, 1
994, 507, -33, 108, 1
995, 507, -33, 108, 1
996, 508, -33, 108, 1
997, 508, -33, 108, 1
998, 509, -33, 107, 1
999, 509, -33, 108, 1
1000, 510, -33, 108, 1
1001, 510, -33, 108, 1
1002, 511, -33, 108, 1
1003, 511, -33, 108, 1
1004, 512, -33, 108, 1
1005, 512, -32, 108, 1
1006, 513, -33, 108, 1
1007, 513, -33, 108, 1
1008, 514, -33, 108, 1
1009, 514, -33, 107, 1
1010, 515, -33, 108, 1
1011, 515, -33, 108, 1
1012, 516, -33, 108, 1
1013, 516, -33, 108, 1
1014, 517, -33, 108, 1
1015, 517, -33, 107, 1
1016, 518, -33, 108, 1
1017, 518, -33, 108, 1
1018, 519, -33, 106, 1
1019, 519, -33, 107, 1
1020, 520, -33, 107, 1
1021, 520, -33, 108, 1
1022, 521, -33, 108, 1
1023, 521, -33, 108, 1
1024, 522, -33, 107, 1
1025, 522, -33, 108, 1
1026, 523, -33, 108, 1
1027, 523, -33, 108, 1
1028, 524, -33, 102, 1
1029, 524, -33, 108, 1
1030, 525, -33, 108, 1
1031, 525, -33, 105, 1
1032, 526, -33, 107, 1
1033, 526, -33, 108, 1
1034, 527, -33, 108, 1
1035, 527, -33, 107, 1
1036, 528, -33, 108, 1
1037, 528, -33, 108, 1
1038, 529, -33, 107, 1
1039, 529, -33, 108, 1
1040, 530, -33, 108, 1
1041, 530, -33, 108, 1
1042, 531, -33, 108, 1
1043, 531, -33, 108, 1
1044, 532, -33, 108, 1
1045, 532, -33, 108, 1
1046, 533, -33, 108, 1
1047, 533, -33, 108, 1
1048, 534, -33, 108, 1
1049, 534, -33, 108, 1
1050, 535, -33, 108, 1
1051, 535, -33, 108, 1
1052, 536, -33, 107, 1
1053, 536, -33, 108, 1
1054, 537, -33, 108, 1
1055, 537, -33, 108, 1
1056, 538, -33, 108, 1
1057, 538, -33, 108, 1
1058, 539, -33, 108, 1
1059, 539, -33, 108, 1
1060, 540, -33, 108, 1
1061, 540, -33, 108, 1
1062, 541, -33, 108, 1
1063, 541, -33, 108, 1
1064, 542, -33, 108, 1
1065, 542, -33, 108, 1
1066, 543, -33, 108, 1
1067, 543, -33, 108, 1
1068, 544, -33, 108, 1
1069, 544, -33, 108, 1
1070, 545, -33, 108, 1
1071, 545, -33, 108, 1
1072, 546, -33, 108, 1
1073, 546, -33, 107, 1
1074, 547, -33, 108, 1
1075, 547, -32, 108, 1
1076, 548, -33, 108, 1
1077, 548, -33, 107, 1
1078, 549, -33, 108, 1
1079, 549, -33, 108, 1
1080, 550, -33, 108, 1
1081, 550, -33, 108, 1
1082, 551, -33, 108, 1
1083, 551, -33, 108, 1
1084, 552, -32, 108, 1
1085, 552, -33, 108, 1
1086, 553, -33, 107, 1
1087, 553, -32, 108, 1
1088, 554, -33, 108, 1
1089, 554, -33, 108, 1
1090, 555, -33, 108, 1
1091, 555, -33, 108, 1
1092, 556, -33, 108, 1
1093, 556, -33, 108, 1
1094, 557, -33, 108, 1
1095, 557, -32, 107, 1
1096, 558, -33, 108, 1
1097, 558, -33, 108, 1
1098, 559, -33, 108, 1
1099, 559, -33, 108, 1
1100, 560, -33, 107, 1
1101, 560, -33, 108, 1
1102, 561, -33, 108, 1
1103, 561, -33, 107, 1
1104, 562, -33, 106, 1
1105, 562, -33, 108, 1
1106, 563, -33, 108, 1
1107, 563, -33, 107, 1
1108, 564, -33, 108, 1
1109, 564, -33, 108, 1
1110, 565, -33, 108, 1
1111, 565, -33, 107, 1
1112, 566, -33, 108, 1
1113, 566, -33, 108, 1
1114, 567, -33, 108, 1
1115, 567, -32, 108, 1
1116, 568, -32, 108, 1
1117, 568, -33, 108, 1
1118, 569, -33, 108, 1
1119, 569, -32, 108, 1
1120, 570, -33, 108, 1
1121, 570, -33, 107, 1
1122, 571, -33, 108, 1
1123, 571, -33, 108, 1
1124, 572, -33, 108, 1
1125, 572, -33, 108, 1
1126, 573, -33, 108, 1
1127, 573, -33, 108, 1
1128, 574, -33, 107, 1
1129, 574, -33, 107, 1
1130, 575, -33, 108, 1
1131, 575, -33, 108, 1
1132, 576, -33, 108, 1
1133, 576, -33, 107, 1
1134, 577, -33, 107, 1
1135, 577, -33, 108, 1
1136, 578, -33, 108, 1
1137, 578, -33, 108, 1
1138, 579, -33, 108, 1
1139, 579, -33, 108, 1
1140, 580, -33, 108, 1
1141, 580, -33, 108, 1
1142, 581, -33, 108, 1
1143, 581, -33, 108, 1
1144, 582, -33, 108, 1
1145, 582, -33, 108, 1
1146, 583, -33, 108, 1
1147, 583, -32, 108, 1
1148, 584, -33, 108, 1
1149, 584, -33, 108, 1
1150, 585, -33, 108, 1
1151, 585, -33, 108, 1
1152, 586, -33, 107, 1
1153, 586, -33, 108, 1
1154, 587, -33, 108, 1
1155, 587, -32, 108, 1
1156, 588, -33, 108, 1
1157, 588, -33, 108, 1
1158, 589, -33, 108, 1
1159, 589, -33, 108, 1
1160, 590, -32, 107, 1
1161, 590, -33, 108, 1
1162, 591, -33, 108, 1
1163, 591, -33, 108, 1
1164, 592, -32, 108, 1
1165, 592, -32, 108, 1
1166, 593, -31, 108, 1
1167, 593, -31, 108, 1
1168, 594, -31, 108, 1
1169, 594, -31, 108, 1
1170, 595, -32, 108, 1
1171, 595, -32, 108, 1
1172, 596, -33, 108, 1
1173, 596, -33, 108, 1
1174, 597, -33, 107, 1
1175, 597, -31, 108, 1
1176, 598, -32, 108, 1
1177, 598, -32, 108, 1
1178, 599, -32, 108, 1
1179, 599, -33, 108, 1
1180, 600, -32, 108, 1
1181, 600, -32, 108, 1
1182, 601, -32, 108, 1
1183, 601, -33, 107, 1
1184, 602, -33, 108, 1
1185, 602, -33, 108, 1
1186, 603, -33, 108, 1
1187, 603, -33, 108, 1
1188, 604, -33, 108, 1
1189, 604, -33, 108, 1
1190, 605, -33, 108, 1
1191, 605, -33, 108, 1
1192, 606, -33, 108, 1
1193, 606, -33, 108, 1
1194, 607, -33, 108, 1
1195, 607, -33, 108, 1
1196, 608, -33, 108, 1
1197, 608, -33, 108, 1
1198, 609, -33, 102, 1
1199, 609, -33, 107, 1
1200, 610, -33, 108, 1
1201, 610, -33, 107, 1
1202, 611, -33, 108, 1
1203, 611, -33, 108, 1
1204, 612, -33, 108, 1
1205, 612, -33, 108, 1
1206, 613, -33, 108, 1
1207, 613, -33, 108, 1
1208, 614, -33, 108, 1
1209, 614, -33, 108, 1
1210, 615, -33, 107, 1
1211, 615, -33, 108, 1
1212, 616, -33, 108, 1
1213, 616, -33, 108, 1
1214, 617, -33, 108, 1
1215, 617, -33, 108, 1
1216, 618, -33, 108, 1
1217, 618, -33, 108, 1
1218, 619, -33, 108, 1
1219, 619, -33, 108, 1
1220, 620, -32, 108, 1
1221, 620, -32, 108, 1
1222, 621, -32, 108, 1
1223, 621, -32, 108, 1
1224, 622, -33, 108, 1
1225, 622, -32, 108, 1
1226, 623, -33, 108, 1
1227, 623, -33, 108, 1
1228, 624, -32, 108, 1
1229, 624, -33, 108, 1
1230, 625, -33, 108, 1
1231, 625, -32, 108, 1
1232, 626, -33, 108, 1
1233, 626, -33, 108, 1
1234, 627, -33, 108, 1
1235, 627, -32, 108, 1
1236, 628, -32, 107, 1
1237, 628, -32, 108, 1
1238, 629, -32, 108, 1
1239, 629, -32, 108, 1
1240, 630, -32, 108, 1
1241, 630, -32, 108, 1
1242, 631, -32, 108, 1
1243, 631, -32, 108, 1
1244, 632, -32, 108, 1
1245, 632, -33, 108, 1
1246, 633, -32, 108, 1
1247, 633, -32, 108, 1
1248, 634, -32, 108, 1
1249, 634, -31, 108, 1
1250, 635, -31, 108, 1
1251, 635, -32, 108, 1
1252, 636, -32, 108, 1
1253, 636, -32, 108, 1
1254, 637, -32, 108, 1
1255, 637, -32, 107, 1
1256, 638, -32, 108, 1
1257, 638, -32, 108, 1
1258, 639, -32, 107, 1
1259, 639, -32, 108, 1
1260, 640, -32, 108, 1
1261, 640, -32, 108, 1
1262, 641, -32, 107, 1
1263, 641, -32, 108, 1
1264, 642, -32, 107, 1
1265, 642, -32, 108, 1
1266, 643, -32, 108, 1
1267, 643, -32, 108, 1
1268, 644, -32, 108, 1
1269, 644, -32, 107, 1
1270, 645, -32, 108, 1
1271, 645, -32, 108, 1
1272, 646, -32, 108, 1
1273, 646, -32, 108, 1
1274, 647, -32, 108, 1
1275, 647, -32, 108, 1
1276, 648, -32, 108, 1
1277, 648, -32, 108, 1
1278, 649, -32, 107, 1
1279, 649, -32, 107, 1
1280, 650, -32, 107, 1
1281, 650, -32, 107, 1
1282, 651, -32, 108, 1
1283, 651, -32, 108, 1
1284, 652, -33, 108, 1
1285, 652, -33, 108, 1
1286, 653, -32, 107, 1
1287, 653, -33, 108, 1
1288, 654, -33, 108, 1
1289, 654, -32, 108, 1
1290, 655, -32, 108, 1
1291, 655, -32, 108, 1
1292, 656, -32, 108, 1
1293, 656, -32, 108, 1
1294, 657, -32, 108, 1
1295, 657, -33, 108, 1
1296, 658, -33, 108, 1
1297, 658, -32, 108, 1
1298, 659, -32, 108, 1
1299, 659, -32, 108, 1
1300, 660, -32, 107, 1
1301, 660, -32, 108, 1
1302, 661, -32, 108, 1
1303, 661, -32, 108, 1
1304, 662, -32, 108, 1
1305, 662, -32, 108, 1
1306, 663, -32, 108, 1
1307, 663, -32, 108, 1
1308, 664, -33, 108, 1
1309, 664, -32, 108, 1
1310, 665, -32, 108, 1
1311, 665, -33, 108, 1
1312, 666, -33, 108, 1
1313, 666, -33, 108, 1
1314, 667, -33, 108, 1
1315, 667, -32, 108, 1
1316, 668, -32, 108, 1
1317, 668, -33, 108, 1
1318, 669, -33, 107, 1
1319, 669, -32, 108, 1
1320, 670, -32, 108, 1
1321, 670, -32, 108, 1
1322, 671, -32, 105, 1
1323, 671, -32, 108, 1
1324, 672, -33, 108, 1
1325, 672, -33, 107, 1
1326, 673, -33, 108, 1
1327, 673, -33, 108, 1
1328, 674, -33, 107, 1
1329, 674, -33, 108, 1
1330, 675, -33, 108, 1
1331, 675, -32, 107, 1
1332, 676, -33, 107, 1
1333, 676, -32, 108, 1
1334, 677, -33, 107, 1
1335, 677, -33, 108, 1
1336, 678, -33, 107, 1
1337, 678, -33, 108, 1
1338, 679, -33, 108, 1
1339, 679, -33, 108, 1
1340, 680, -33, 108, 1
1341, 680, -32, 108, 1
1342, 681, -33, 107, 1
1343, 681, -33, 108, 1
1344, 682, -33, 108, 1
1345, 682, -33, 108, 1
1346, 683, -33, 108, 1
1347, 683, -33, 108, 1
1348, 684, -33, 108, 1
1349, 684, -33, 108, 1
1350, 685, -33, 108, 1
1351, 685, -33, 108, 1
1352, 686, -33, 108, 1
1353, 686, -33, 108, 1
1354, 687, -33, 108, 1
1355, 687, -33, 108, 1
1356, 688, -33, 108, 1
1357, 688, -33, 108, 1
1358, 689, -33, 108, 1
1359, 689, -33, 108, 1
1360, 690, -32, 108, 1
1361, 690, -32, 108, 1
1362, 691, -33, 108, 1
1363, 691, -33, 108, 1
1364, 692, -33, 108, 1
1365, 692, -33, 108, 1
1366, 693, -33, 108, 1
1367, 693, -33, 108, 1
1368, 694, -33, 108, 1
1369, 694, -33, 108, 1
1370, 695, -33, 108, 1
1371, 695, -33, 108, 1
1372, 696, -32, 107, 1
1373, 696, -33, 108, 1
1374, 697, -33, 108, 1
1375, 697, -33, 108, 1
1376, 698, -32, 108, 1
1377, 698, -32, 108, 1
1378, 699, -32, 107, 1
1379, 699, -32, 108, 1
1380, 700, -32, 108, 1
1381, 700, -32, 108, 1
1382, 701, -32, 108, 1
1383, 701, -32, 108, 1
1384, 702, -32, 108, 1
1385, 702, -32, 108, 1
1386, 703, -32, 108, 1
1387, 703, -32, 108, 1
1388, 704, -32, 108, 1
1389, 704, -32, 108, 1
1390, 705, -32, 108, 1
1391, 705, -32, 108, 1
1392, 706, -32, 108, 1
1393, 706, -32, 108, 1
1394, 707, -32, 108, 1
1395, 707, -32, 108, 1
1396, 708, -32, 108, 1
1397, 708, -32, 108, 1
1398, 709, -32, 108, 1
1399, 709, -32, 108, 1
1400, 710, -32, 108, 1
1401, 710, -32, 107, 1
1402, 711, -32, 108, 1
1403, 711, -32, 107, 1
1404, 712, -32, 108, 1
1405, 712, -32, 108, 1
1406, 713, -32, 100, 1
1407, 713, -32, 108, 1
1408, 714, -32, 108, 1
1409, 714, -33, 108, 1
1410, 715, -33, 108, 1
1411, 715, -33, 108, 1
1412, 716, -33, 108, 1
1413, 716, -33, 108, 1
1414, 717, -33, 108, 1
1415, 717, -33, 107, 1
1416, 718, -33, 108, 1
1417, 718, -33, 108, 1
1418, 719, -33, 108, 1
1419, 719, -33, 108, 1
1420, 720, -33, 108, 1
1421, 720, -33, 108, 1
1422, 721, -33, 108, 1
1423, 721, -33, 108, 1
1424, 722, -33, 108, 1
1425, 722, -33, 108, 1
1426, 723, -33, 108, 1
1427, 723, -32, 108, 1
1428, 724, -33, 108, 1
1429, 724, -33, 107, 1
1430, 725, -32, 108, 1
1431, 725, -33, 108, 1
1432, 726, -33, 107, 1
1433, 726, -33, 108, 1
1434, 727, -33, 107, 1
1435, 727, -32, 108, 1
1436, 728, -33, 108, 1
1437, 728, -32, 108, 1
1438, 729, -33, 108, 1
1439, 729, -33, 107, 1
1440, 730, -33, 108, 1
1441, 730, -33, 107, 1
1442, 731, -33, 108, 1
1443, 731, -33, 108, 1
1444, 732, -32, 108, 1
1445, 732, -33, 108, 1
1446, 733, -33, 108, 1
1447, 733, -33, 108, 1
1448, 734, -32, 108, 1
1449, 734, -33, 107, 1
1450, 735, -33, 108, 1
1451, 735, -33, 108, 1
1452, 736, -33, 105, 1
1453, 736, -33, 108, 1
1454, 737, -33, 108, 1
1455, 737, -33, 108, 1
1456, 738, -33, 108, 1
1457, 738, -32, 108, 1
1458, 739, -33, 108, 1
1459, 739, -33, 108, 1
1460, 740, -33, 108, 1
1461, 740, -33, 108, 1
1462, 741, -33, 108, 1
1463, 741, -33, 108, 1
1464, 742, -33, 108, 1
1465, 742, -33, 108, 1
1466, 743, -33, 108, 1
1467, 743, -33, 108, 1
1468, 744, -33, 108, 1
1469, 744, -33, 108, 1
1470, 745, -33, 108, 1
1471, 745, -33, 108, 1
1472, 746, -33, 108, 1
1473, 746, -33, 108, 1
1474, 747, -33, 108, 1
1475, 747, -33, 108, 1
1476, 748, -33, 108, 1
1477, 748, -32, 108, 1
1478, 749, -33, 108, 1
1479, 749, -33, 108, 1
1480, 750, -33, 108, 1
1481, 750, -32, 108, 1
1482, 751, -33, 108, 1
1483, 751, -33, 107, 1
1484, 752, -33, 108, 1
1485, 752, -33, 108, 1
1486, 753, -32, 108, 1
1487, 753, -33, 108, 1
1488, 754, -33, 107, 1
1489, 754, -33, 108, 1
1490, 755, -33, 108, 1
1491, 755, -33, 108, 1
1492, 756, -33, 108, 1
1493, 756, -33, 108, 1
1494, 757, -33, 108, 1
1495, 757, -33, 108, 1
1496, 758, -33, 108, 1
1497, 758, -33, 108, 1
1498, 759, -33, 108, 1
1499, 759, -33, 108, 1
1500, 760, -33, 108, 1
1501, 760, -33, 108, 1
1502, 761, -33, 108, 1
1503, 761, -33, 108, 1
1504, 762, -33, 108, 1
1505, 762, -33, 108, 1
1506, 763, -33, 108, 1
1507, 763, -33, 108, 1
1508, 764, -33, 108, 1
1509, 764, -33, 108, 1
1510, 765, -33, 108, 1
1511, 765, -33, 108, 1
1512, 766, -33, 108, 1
1513, 766, -33, 108, 1
1514, 767, -33, 108, 1
1515, 767, -33, 108, 1
1516, 768, -33, 108, 1
1517, 768, -33, 108, 1
1518, 769, -33, 108, 1
1519, 769, -33, 107, 1
1520, 770, -33, 108, 1
1521, 770, -33, 108, 1
1522, 771, -33, 107, 1
1523, 771, -33, 108, 1
1524, 772, -33, 108, 1
1525, 772, -33, 108, 1
1526, 773, -32, 107, 1
1527, 773, -33, 108, 1
1528, 774, -32, 106, 1
1529, 774, -32, 108, 1
1530, 775, -33, 107, 1
1531, 775, -32, 108, 1
1532, 776, -32, 107, 1
1533, 776, -33, 108, 1
1534, 777, -32, 108, 1
1535, 777, -32, 107, 1
1536, 778, -32, 108, 1
1537, 778, -32, 107, 1
1538, 779, -32, 107, 1
1539, 779, -33, 108, 1
1540, 780, -32, 108, 1
1541, 780, -32, 108, 1
1542, 781, -32, 108, 1
1543, 781, -32, 108, 1
1544, 782, -32, 108, 1
1545, 782, -32, 108, 1
1546, 783, -32, 108, 1
1547, 783, -32, 108, 1
1548, 784, -33, 108, 1
1549, 784, -32, 108, 1
1550, 785, -32, 107, 1
1551, 785, -32, 108, 1
1552, 786, -32, 108, 1
1553, 786, -32, 108, 1
1554, 787, -32, 108, 1
1555, 787, -32, 108, 1
1556, 788, -32, 108, 1
1557, 788, -32, 108, 1
1558, 789, -33, 108, 1
1559, 789, -32, 108, 1
1560, 790, -32, 108, 1
1561, 790, -32, 108, 1
1562, 791, -33, 108, 1
1563, 791, -32, 108, 1
1564, 792, -32, 108, 1
1565, 792, -32, 105, 1
1566, 793, -33, 108, 1
1567, 793, -32, 108, 1
1568, 794, -32, 107, 1
1569, 794, -32, 108, 1
1570, 795, -32, 108, 1
1571, 795, -33, 108, 1
1572, 796, -33, 107, 1
1573, 796, -32, 107, 1
1574, 797, -32, 108, 1
1575, 797, -32, 108, 1
1576, 798, -32, 107, 1
1577, 798, -32, 108, 1
1578, 799, -33, 108, 1
1579, 799, -32, 108, 1
1580, 800, -33, 107, 1
1581, 800, -33, 108, 1
1582, 801, -33, 108, 1
1583, 801, -32, 108, 1
1584, 802, -32, 108, 1
1585, 802, -32, 108, 1
1586, 803, -33, 108, 1
1587, 803, -33, 108, 1
1588, 804, -33, 108, 1
1589, 804, -33, 108, 1
1590, 805, -32, 108, 1
1591, 805, -32, 108, 1
1592, 806, -33, 108, 1
1593, 806, -33, 108, 1
1594, 807, -33, 108, 1
1595, 807, -33, 108, 1
1596, 808, -33, 108, 1
1597, 808, -33, 108, 1
1598, 809, -33, 108, 1
1599, 809, -32, 107, 1
1600, 810, -33, 108, 1
1601, 810, -33, 108, 1
1602, 811, -33, 108, 1
1603, 811, -32, 108, 1
1604, 812, -33, 108, 1
1605, 812, -33, 108, 1
1606, 813, -32, 108, 1
1607, 813, -32, 108, 1
1608, 814, -32, 108, 1
1609, 814, -32, 108, 1
1610, 815, -32, 107, 1
1611, 815, -32, 108, 1
1612, 816, -32, 108, 1
1613, 816, -32, 108, 1
1614, 817, -32, 94, 1
1615, 817, -32, 82, 1
1616, 818, -32, 89, 1
1617, 818, -32, 91, 1
1618, 819, -32, 94, 1
1619, 819, -32, 92, 1
1620, 820, -33, 103, 1
1621, 820, -32, 104, 1
1622, 821, -33, 105, 1
1623, 821, -32, 84, 1
1624, 822, -78, 108, 1
1625, 822, -76, 100, 1
1626, 823, -76, 101, 1
1627, 823, -73, 104, 1
1628, 824, -73, 95, 1
1629, 824, -77, 103, 1
1630, 825, -74, 105, 1
1631, 825, -73, 104, 1
1632, 826, -70, 107, 1
1633, 826, -73, 106, 1
1634, 827, -72, 105, 1
1635, 827, -73, 102, 1
1636, 828, -70, 107, 1
1637, 828, -71, 101, 1
1638, 829, -76, 104, 1
1639, 829, -73, 103, 1
1640, 830, -73, 107, 1
1641, 830, -75, 101, 1
1642, 831, -73, 104, 1
1643, 831, -78, 101, 1
1644, 832, -72, 104, 1
1645, 832, -79, 101, 1
1646, 833, -72, 94, 1
1647, 833, -73, 107, 1
1648, 834, -76, 104, 1
1649, 834, -74, 105, 1
1650, 835, -77, 101, 1
1651, 835, -72, 92, 1
1652, 836, -72, 104, 1
1653, 836, -73, 96, 1
1654, 837, -75, 98, 1
1655, 837, -75, 106, 1
1656, 838, -72, 105, 1
1657, 838, -70, 106, 1
1658, 839, -73, 105, 1
1659, 839, -72, 106, 1
1660, 840, -70, 106, 1
1661, 840, -72, 107, 1
1662, 841, -71, 106, 1
1663, 841, -72, 107, 1
1664, 842, -72, 105, 1
1665, 842, -72, 105, 1
1666, 843, -71, 105, 1
1667, 843, -72, 106, 1
1668, 844, -72, 105, 1
1669, 844, -72, 106, 1
1670, 845, -71, 106, 1
1671, 845, -71, 106, 1
1672, 846, -72, 106, 1
1673, 846, -72, 105, 1
1674, 847, -72, 106, 1
1675, 847, -72, 105, 1
1676, 848, -72, 107, 1
1677, 848, -73, 106, 1
1678, 849, -73, 104, 1
1679, 849, -70, 107, 1
1680, 850, -72, 106, 1
1681, 850, -72, 106, 1
1682, 851, -72, 106, 1
1683, 851, -72, 107, 1
1684, 852, -72, 106, 1
1685, 852, -72, 106, 1
1686, 853, -72, 107, 1
1687, 853, -71, 106, 1
1688, 854, -71, 105, 1
1689, 854, -71, 105, 1
1690, 855, -71, 105, 1
1691, 855, -72, 106, 1
1692, 856, -71, 105, 1
1693, 856, -72, 107, 1
1694, 857, -72, 105, 1
1695, 857, -72, 105, 1
1696, 858, -74, 106, 1
1697, 858, -72, 106, 1
1698, 859, -72, 105, 1
1699, 859, -72, 107, 1
1700, 860, -71, 105, 1
1701, 860, -72, 106, 1
1702, 861, -74, 105, 1
1703, 861, -75, 106, 1
1704, 862, -75, 97, 1
1705, 862, -73, 105, 1
1706, 863, -72, 104, 1
1707, 863, -73, 105, 1
1708, 864, -71, 105, 1
1709, 864, -71, 106, 1
1710, 865, -73, 105, 1
1711, 865, -74, 106, 1
1712, 866, -72, 103, 1
1713, 866, -72, 106, 1
1714, 867, -71, 107, 1
1715, 867, -74, 107, 1
1716, 868, -73, 102, 1
1717, 868, -74, 107, 1
1718, 869, -73, 104, 1
1719, 869, -73, 105, 1
1720, 870, -73, 106, 1
1721, 870, -72, 107, 1
1722, 871, -75, 102, 1
1723, 871, -69, 106, 1
1724, 872, -73, 107, 1
1725, 872, -71, 104, 1
1726, 873, -76, 97, 1
1727, 873, -75, 73, 1
1728, 874, -74, 106, 1
1729, 874, -75, 101, 1
1730, 875, -77, 106, 1
1731, 875, -76, 105, 1
1732, 876, -73, 106, 1
1733, 876, -74, 104, 1
1734, 877, -73, 105, 1
1735, 877, -71, 105, 1
1736, 878, -72, 91, 1
1737, 878, -74, 106, 1
1738, 879, -72, 105, 1
1739, 879, -71, 102, 1
1740, 880, -72, 106, 1
1741, 880, -71, 107, 1
1742, 881, -74, 103, 1
1743, 881, -71, 106, 1
1744, 882, -70, 107, 1
1745, 882, -70, 106, 1
1746, 883, -72, 107, 1
1747, 883, -71, 107, 1
1748, 884, -70, 106, 1
1749, 884, -71, 106, 1
1750, 885, -70, 107, 1
1751, 885, -70, 107, 1
1752, 886, -71, 106, 1
1753, 886, -70, 107, 1
1754, 887, -71, 107, 1
1755, 887, -71, 105, 1
1756, 888, -70, 107, 1
1757, 888, -69, 106, 1
1758, 889, -70, 107, 1
1759, 889, -70, 107, 1
1760, 890, -70, 107, 1
1761, 890, -70, 107, 1
1762, 891, -70, 107, 1
1763, 891, -70, 106, 1
1764, 892, -71, 107, 1
1765, 892, -71, 107, 1
1766, 893, -71, 106, 1
1767, 893, -70, 106, 1
1768, 894, -71, 106, 1
1769, 894, -69, 107, 1
1770, 895, -70, 106, 1
1771, 895, -71, 106, 1
1772, 896, -73, 107, 1
1773, 896, -73, 102, 1
1774, 897, -73, 107, 1
1775, 897, -73, 107, 1
1776, 898, -72, 105, 1
1777, 898, -72, 104, 1
1778, 899, -72, 106, 1
1779, 899, -73, 98, 1
1780, 900, -74, 103, 1
1781, 900, -72, 106, 1
1782, 901, -71, 106, 1
1783, 901, -72, 104, 1
1784, 902, -71, 106, 1
1785, 902, -71, 106, 1
1786, 903, -72, 106, 1
1787, 903, -72, 106, 1
1788, 904, -71, 106, 1
1789, 904, -70, 106, 1
1790, 905, -71, 106, 1
1791, 905, -70, 107, 1
1792, 906, -69, 106, 1
1793, 906, -69, 107, 1
1794, 907, -73, 107, 1
1795, 907, -72, 107, 1
1796, 908, -74, 105, 1
1797, 908, -72, 106, 1
1798, 909, -73, 106, 1
1799, 909, -73, 105, 1
1800, 910, -72, 105, 1
1801, 910, -72, 104, 1
1802, 911, -73, 105, 1
1803, 911, -73, 105, 1
1804, 912, -73, 103, 1
1805, 912, -72, 104, 1
1806, 913, -73, 106, 1
1807, 913, -75, 101, 1
1808, 914, -73, 106, 1
1809, 914, -72, 106, 1
1810, 915, -74, 104, 1
1811, 915, -76, 102, 1
1812, 916, -72, 104, 1
1813, 916, -73, 105, 1
1814, 917, -70, 106, 1
1815, 917, -72, 106, 1
1816, 918, -72, 105, 1
1817, 918, -71, 105, 1
1818, 919, -72, 106, 1
1819, 919, -72, 105, 1
1820, 920, -74, 105, 1
1821, 920, -75, 104, 1
1822, 921, -72, 105, 1
1823, 921, -70, 104, 1
1824, 922, -72, 107, 1
1825, 922, -72, 105, 1
1826, 923, -71, 105, 1
1827, 923, -71, 106, 1
1828, 924, -72, 106, 1
1829, 924, -74, 103, 1
1830, 925, -73, 107, 1
1831, 925, -70, 106, 1
1832, 926, -71, 107, 1
1833, 926, -72, 106, 1
1834, 927, -71, 105, 1
1835, 927, -72, 103, 1
1836, 928, -73, 105, 1
1837, 928, -73, 106, 1
1838, 929, -72, 106, 1
1839, 929, -73, 106, 1
1840, 930, -72, 104, 1
1841, 930, -74, 105, 1
1842, 931, -72, 105, 1
1843, 931, -73, 107, 1
1844, 932, -71, 106, 1
1845, 932, -72, 105, 1
1846, 933, -72, 106, 1
1847, 933, -72, 106, 1
1848, 934, -72, 106, 1
1849, 934, -70, 106, 1
1850, 935, -72, 106, 1
1851, 935, -74, 105, 1
1852, 936, -75, 103, 1
1853, 936, -76, 107, 1
1854, 937, -70, 104, 1
1855, 937, -70, 106, 1
1856, 938, -76, 100, 1
1857, 938, -75, 105, 1
1858, 939, -77, 106, 1
1859, 939, -72, 107, 1
1860, 940, -74, 106, 1
1861, 940, -73, 105, 1
1862, 941, -72, 106, 1
1863, 941, -73, 107, 1
1864, 942, -73, 103, 1
1865, 942, -75, 101, 1
1866, 943, -74, 105, 1
1867, 943, -73, 105, 1
1868, 944, -72, 105, 1
1869, 944, -72, 106, 1
1870, 945, -72, 105, 1
1871, 945, -72, 107, 1
1872, 946, -71, 104, 1
1873, 946, -72, 105, 1
1874, 947, -70, 106, 1
1875, 947, -72, 107, 1
1876, 948, -72, 106, 1
1877, 948, -71, 104, 1
1878, 949, -71, 106, 1
1879, 949, -71, 106, 1
1880, 950, -72, 107, 1
1881, 950, -71, 106, 1
1882, 951, -71, 107, 1
1883, 951, -72, 107, 1
1884, 952, -71, 107, 1
1885, 952, -72, 107, 1
1886, 953, -70, 103, 1
1887, 953, -70, 107, 1
1888, 954, -71, 106, 1
1889, 954, -69, 105, 1
1890, 955, -73, 105, 1
1891, 955, -72, 105, 1
1892, 956, -73, 103, 1
1893, 956, -71, 103, 1
1894, 957, -70, 105, 1
1895, 957, -75, 83, 1
1896, 958, -69, 106, 1
1897, 958, -72, 106, 1
1898, 959, -70, 106, 1
1899, 959, -69, 105, 1
1900, 960, -76, 105, 1
