0, 746, -94, 101, 1
1, 747, -94, 101, 1
2, 747, -94, 102, 1
3, 748, -93, 101, 1
4, 748, -94, 106, 1
5, 749, -94, 101, 1
6, 749, -96, 102, 1
7, 750, -96, 101, 1
8, 750, -96, 100, 1
9, 751, -95, 101, 1
10, 752, -94, 104, 1
11, 752, -94, 103, 1
12, 752, -94, 101, 1
13, 753, -94, 103, 1
14, 753, -93, 103, 1
15, 754, -93, 108, 1
16, 754, -94, 103, 1
17, 755, -94, 103, 1
18, 755, -94, 104, 1
19, 756, -94, 105, 1
20, 756, -94, 103, 1
21, 757, -94, 99, 1
22, 757, -94, 101, 1
23, 758, -94, 103, 1
24, 758, -93, 103, 1
25, 759, -93, 105, 1
26, 759, -94, 103, 1
27, 760, -93, 102, 1
28, 760, -94, 104, 1
29, 761, -94, 101, 1
30, 761, -93, 104, 1
31, 762, -95, 99, 1
33, 763, -95, 97, 1
34, 763, -94, 99, 1
35, 764, -94, 105, 1
36, 764, -94, 97, 1
37, 765, -95, 103, 1
38, 765, -95, 102, 1
39, 766, -95, 101, 1
40, 766, -94, 91, 1
41, 767, -93, 100, 1
42, 767, -94, 104, 1
43, 768, -94, 100, 1
44, 768, -96, 102, 1
45, 769, -94, 102, 1
46, 769, -94, 101, 1
47, 770, -94, 103, 1
48, 770, -94, 104, 1
49, 771, -94, 100, 1
50, 771, -94, 99, 1
51, 772, -95, 101, 1
52, 772, -94, 108, 1
53, 773, -93, 104, 1
54, 773, -94, 103, 1
55, 774, -94, 102, 1
56, 774, -94, 101, 1
57, 775, -94, 105, 1
58, 775, -93, 102, 1
59, 776, -93, 102, 1
61, 777, -94, 102, 1
62, 777, -94, 101, 1
63, 778, -95, 58, 1
64, 778, -95, 102, 1
65, 779, -96, 99, 1
66, 779, -95, 101, 1
67, 780, -94, 101, 1
68, 780, -94, 104, 1
69, 781, -94, 102, 1
70, 781, -94, 104, 1
71, 782, -94, 101, 1
72, 782, -94, 102, 1
73, 783, -94, 104, 1
74, 783, -94, 101, 1
75, 784, -94, 103, 1
76, 784, -95, 99, 1
77, 785, -94, 100, 1
78, 785, -93, 104, 1
79, 786, -94, 104, 1
80, 786, -93, 107, 1
81, 787, -94, 105, 1
82, 787, -94, 104, 1
83, 788, -94, 104, 1
84, 788, -94, 103, 1
85, 789, -94, 100, 1
86, 789, -93, 105, 1
87, 790, -93, 102, 1
88, 790, -94, 104, 1
89, 791, -94, 96, 1
90, 791, -95, 102, 1
91, 792, -95, 102, 1
92, 792, -94, 85, 1
93, 793, -94, 102, 1
94, 793, -94, 100, 1
95, 794, -94, 100, 1
96, 794, -94, 102, 1
97, 795, -94, 103, 1
98, 795, -94, 104, 1
99, 796, -94, 105, 1
100, 796, -94, 100, 1
101, 797, -94, 102, 1
102, 797, -93, 104, 1
103, 798, -94, 105, 1
104, 798, -94, 103, 1
105, 799, -93, 102, 1
106, 799, -93, 102, 1
107, 800, -94, 101, 1
108, 800, -94, 103, 1
109, 801, -94, 104, 1
110, 801, -93, 103, 1
111, 802, -93, 105, 1
112, 802, -94, 102, 1
113, 803, -94, 104, 1
114, 803, -94, 103, 1
115, 804, -94, 105, 1
116, 804, -94, 103, 1
117, 805, -94, 103, 1
118, 805, -94, 103, 1
119, 806, -93, 104, 1
120, 806, -94, 104, 1
121, 807, -94, 103, 1
122, 807, -94, 100, 1
123, 808, -94, 102, 1
124, 808, -93, 101, 1
125, 809, -94, 104, 1
126, 809, -94, 103, 1
127, 810, -94, 104, 1
128, 810, -94, 105, 1
129, 811, -94, 104, 1
130, 811, -94, 104, 1
131, 812, -93, 103, 1
132, 812, -93, 103, 1
133, 813, -94, 106, 1
134, 813, -93, 104, 1
135, 814, -94, 103, 1
136, 814, -94, 101, 1
137, 815, -94, 101, 1
138, 815, -93, 104, 1
139, 816, -93, 105, 1
140, 816, -93, 106, 1
141, 817, -93, 104, 1
142, 817, -93, 104, 1
143, 818, -93, 105, 1
144, 818, -93, 105, 1
145, 819, -93, 105, 1
146, 819, -93, 105, 1
147, 820, -93, 105, 1
148, 820, -93, 103, 1
149, 821, -93, 103, 1
150, 821, -93, 105, 1
151, 822, -93, 103, 1
152, 822, -92, 105, 1
153, 823, -93, 104, 1
154, 823, -94, 103, 1
155, 824, -93, 105, 1
156, 824, -93, 106, 1
157, 825, -93, 103, 1
158, 825, -93, 104, 1
159, 826, -93, 104, 1
160, 826, -93, 101, 1
161, 827, -93, 105, 1
162, 827, -93, 103, 1
163, 828, -93, 106, 1
164, 828, -93, 104, 1
165, 829, -93, 106, 1
166, 829, -93, 104, 1
167, 830, -93, 105, 1
168, 830, -93, 103, 1
169, 831, -93, 89, 1
170, 832, -94, 106, 1
171, 832, -93, 106, 1
172, 832, -93, 103, 1
173, 833, -93, 104, 1
174, 833, -93, 105, 1
175, 834, -93, 103, 1
176, 834, -93, 105, 1
177, 835, -93, 104, 1
178, 835, -93, 105, 1
179, 836, -93, 105, 1
180, 836, -93, 105, 1
181, 837, -93, 104, 1
182, 837, -93, 104, 1
183, 838, -92, 105, 1
184, 838, -93, 104, 1
185, 839, -93, 105, 1
186, 839, -93, 98, 1
187, 840, -92, 103, 1
188, 840, -93, 106, 1
189, 841, -92, 103, 1
190, 841, -93, 103, 1
191, 842, -93, 105, 1
192, 842, -93, 104, 1
193, 843, -93, 105, 1
194, 843, -93, 103, 1
195, 844, -93, 105, 1
196, 844, -93, 104, 1
197, 845, -93, 104, 1
198, 845, -93, 85, 1
199, 846, -93, 102, 1
200, 846, -93, 103, 1
201, 847, -93, 104, 1
202, 847, -93, 104, 1
203, 848, -93, 104, 1
204, 848, -93, 105, 1
205, 849, -93, 102, 1
206, 849, -93, 103, 1
207, 850, -93, 101, 1
208, 850, -93, 103, 1
209, 851, -94, 85, 1
210, 851, -93, 105, 1
211, 852, -93, 106, 1
212, 852, -93, 106, 1
213, 853, -93, 106, 1
214, 853, -93, 106, 1
215, 854, -93, 103, 1
216, 854, -93, 104, 1
217, 855, -93, 106, 1
218, 855, -93, 106, 1
219, 856, -93, 103, 1
220, 856, -93, 104, 1
221, 857, -93, 107, 1
222, 857, -93, 107, 1
223, 858, -93, 106, 1
224, 858, -93, 106, 1
225, 859, -93, 105, 1
226, 859, -93, 105, 1
227, 860, -93, 106, 1
228, 860, -93, 103, 1
229, 861, -94, 105, 1
230, 861, -93, 105, 1
231, 862, -93, 104, 1
232, 862, -93, 104, 1
233, 863, -93, 89, 1
234, 863, -93, 106, 1
235, 864, -93, 106, 1
236, 865, -93, 105, 1
237, 865, -93, 103, 1
238, 865, -93, 106, 1
239, 866, -93, 106, 1
240, 866, -93, 105, 1
241, 867, -93, 102, 1
242, 867, -93, 104, 1
243, 868, -94, 106, 1
244, 868, -93, 105, 1
245, 869, -93, 102, 1
246, 869, -93, 104, 1
247, 870, -93, 106, 1
248, 870, -94, 105, 1
249, 871, -94, 106, 1
250, 871, -94, 100, 1
251, 872, -93, 105, 1
252, 872, -93, 105, 1
253, 873, -94, 101, 1
254, 873, -93, 97, 1
255, 874, -94, 101, 1
256, 874, -93, 106, 1
257, 875, -93, 102, 1
258, 876, -93, 105, 1
259, 876, -93, 104, 1
260, 876, -93, 103, 1
261, 877, -93, 105, 1
262, 877, -93, 104, 1
263, 878, -93, 99, 1
264, 879, -93, 102, 1
265, 879, -94, 103, 1
266, 879, -94, 104, 1
267, 880, -93, 101, 1
268, 880, -94, 105, 1
269, 881, -93, 106, 1
270, 882, -93, 103, 1
271, 882, -93, 105, 1
272, 883, -93, 105, 1
273, 883, -93, 104, 1
274, 883, -93, 102, 1
275, 884, -93, 104, 1
276, 884, -93, 105, 1
277, 885, -93, 104, 1
278, 885, -93, 105, 1
279, 886, -93, 105, 1
280, 886, -93, 103, 1
281, 887, -93, 101, 1
282, 887, -94, 104, 1
283, 888, -93, 105, 1
284, 888, -94, 101, 1
285, 889, -93, 104, 1
286, 889, -93, 104, 1
287, 890, -93, 104, 1
288, 890, -94, 105, 1
289, 891, -93, 104, 1
290, 891, -93, 104, 1
291, 892, -93, 104, 1
292, 892, -93, 105, 1
293, 893, -93, 104, 1
294, 893, -93, 103, 1
295, 894, -94, 105, 1
296, 894, -94, 102, 1
297, 895, -93, 104, 1
298, 895, -93, 103, 1
299, 896, -94, 103, 1
300, 896, -94, 103, 1
301, 897, -93, 104, 1
302, 897, -93, 105, 1
303, 898, -93, 105, 1
304, 898, -93, 101, 1
305, 899, -93, 103, 1
306, 899, -94, 105, 1
307, 900, -93, 103, 1
308, 900, -92, 105, 1
309, 901, -93, 104, 1
310, 901, -94, 107, 1
311, 902, -93, 105, 1
312, 902, -93, 105, 1
313, 903, -93, 104, 1
314, 904, -93, 103, 1
315, 904, -93, 105, 1
316, 904, -93, 104, 1
317, 905, -93, 104, 1
318, 905, -93, 105, 1
319, 906, -93, 104, 1
320, 906, -93, 105, 1
321, 907, -93, 105, 1
322, 908, -93, 104, 1
323, 908, -93, 105, 1
324, 908, -93, 87, 1
325, 909, -93, 106, 1
326, 909, -93, 105, 1
327, 910, -93, 107, 1
328, 910, -93, 105, 1
329, 911, -93, 103, 1
330, 912, -93, 105, 1
331, 912, -93, 104, 1
332, 912, -93, 105, 1
333, 913, -93, 103, 1
334, 914, -93, 104, 1
335, 914, -93, 103, 1
336, 914, -93, 106, 1
337, 915, -93, 104, 1
338, 915, -93, 104, 1
339, 916, -93, 103, 1
340, 916, -93, 102, 1
341, 917, -93, 105, 1
342, 918, -94, 106, 1
343, 918, -94, 103, 1
344, 919, -93, 103, 1
345, 919, -93, 103, 1
346, 919, -93, 104, 1
347, 920, -93, 99, 1
348, 920, -93, 104, 1
349, 921, -93, 105, 1
350, 921, -93, 103, 1
351, 922, -93, 103, 1
352, 922, -93, 104, 1
353, 923, -94, 103, 1
354, 923, -93, 100, 1
355, 924, -94, 102, 1
356, 924, -94, 104, 1
357, 925, -94, 105, 1
358, 925, -94, 104, 1
359, 926, -93, 105, 1
360, 926, -93, 105, 1
361, 927, -94, 104, 1
362, 928, -94, 104, 1
363, 928, -93, 105, 1
364, 928, -93, 104, 1
365, 929, -93, 105, 1
366, 929, -93, 103, 1
367, 930, -93, 104, 1
368, 930, -93, 102, 1
369, 931, -93, 104, 1
370, 931, -93, 101, 1
371, 932, -93, 105, 1
372, 932, -93, 103, 1
373, 933, -94, 102, 1
374, 933, -93, 104, 1
375, 934, -93, 105, 1
376, 934, -93, 105, 1
377, 935, -94, 101, 1
378, 936, -93, 104, 1
379, 936, -93, 102, 1
380, 936, -94, 105, 1
381, 937, -93, 102, 1
382, 937, -93, 101, 1
383, 938, -94, 104, 1
384, 938, -94, 104, 1
385, 939, -94, 103, 1
386, 939, -94, 103, 1
387, 940, -93, 104, 1
388, 940, -94, 104, 1
389, 941, -93, 99, 1
390, 942, -93, 101, 1
391, 942, -93, 104, 1
392, 942, -93, 105, 1
393, 943, -94, 100, 1
394, 943, -94, 102, 1
395, 944, -94, 104, 1
396, 944, -94, 100, 1
397, 945, -94, 106, 1
398, 945, -94, 106, 1
399, 946, -94, 106, 1
400, 946, -93, 105, 1
401, 947, -93, 104, 1
402, 947, -94, 103, 1
403, 948, -93, 106, 1
404, 948, -94, 102, 1
405, 949, -94, 91, 1
406, 949, -93, 106, 1
407, 950, -94, 102, 1
408, 950, -93, 106, 1
409, 951, -93, 104, 1
410, 951, -93, 105, 1
411, 952, -93, 105, 1
412, 952, -93, 104, 1
413, 953, -93, 104, 1
414, 953, -93, 105, 1
415, 954, -93, 107, 1
416, 955, -93, 104, 1
417, 955, -93, 103, 1
418, 955, -94, 106, 1
419, 956, -94, 105, 1
420, 956, -93, 103, 1
421, 957, -94, 104, 1
422, 958, -94, 100, 1
423, 958, -95, 101, 1
424, 958, -95, 105, 1
425, 959, -96, 102, 1
426, 959, -95, 102, 1
427, 960, -94, 102, 1
428, 960, -95, 99, 1
429, 961, -95, 101, 1
430, 961, -95, 102, 1
431, 962, -96, 95, 1
432, 962, -95, 103, 1
433, 963, -95, 85, 1
434, 963, -95, 101, 1
435, 964, -95, 98, 1
436, 964, -94, 99, 1
437, 965, -94, 98, 1
438, 965, -94, 99, 1
439, 966, -93, 101, 1
440, 967, -93, 102, 1
441, 967, -94, 105, 1
442, 967, -94, 102, 1
443, 968, -93, 104, 1
444, 969, -93, 102, 1
445, 969, -93, 104, 1
446, 969, -94, 104, 1
447, 970, -94, 101, 1
448, 970, -94, 99, 1
449, 971, -94, 105, 1
450, 972, -94, 103, 1
451, 972, -93, 101, 1
452, 973, -94, 103, 1
453, 973, -94, 105, 1
454, 973, -93, 103, 1
455, 974, -93, 102, 1
456, 974, -93, 106, 1
457, 975, -93, 105, 1
458, 975, -93, 103, 1
459, 976, -93, 103, 1
460, 976, -93, 104, 1
461, 977, -94, 104, 1
462, 977, -94, 106, 1
463, 978, -94, 102, 1
464, 979, -94, 103, 1
465, 979, -94, 103, 1
466, 979, -94, 101, 1
467, 980, -94, 103, 1
468, 980, -94, 99, 1
469, 981, -94, 104, 1
470, 981, -94, 102, 1
471, 982, -94, 103, 1
472, 983, -93, 101, 1
473, 983, -93, 104, 1
474, 983, -93, 103, 1
475, 984, -93, 103, 1
476, 984, -94, 103, 1
477, 985, -94, 104, 1
478, 985, -93, 106, 1
479, 986, -93, 105, 1
480, 986, -93, 103, 1
481, 987, -93, 103, 1
482, 987, -94, 105, 1
483, 988, -94, 103, 1
484, 988, -94, 102, 1
485, 989, -94, 105, 1
486, 989, -94, 105, 1
487, 990, -94, 105, 1
488, 990, -94, 101, 1
489, 991, -94, 105, 1
490, 991, -94, 101, 1
491, 992, -94, 101, 1
492, 992, -94, 104, 1
493, 993, -94, 99, 1
494, 993, -94, 104, 1
495, 994, -93, 95, 1
496, 995, -94, 102, 1
497, 995, -94, 98, 1
498, 995, -94, 102, 1
499, 996, -94, 105, 1
500, 996, -94, 103, 1
501, 997, -93, 106, 1
502, 997, -93, 106, 1
503, 998, -94, 101, 1
504, 998, -93, 104, 1
505, 999, -93, 104, 1
506, 999, -93, 104, 1
507, 1000, -93, 102, 1
508, 1000, -93, 106, 1
509, 1001, -93, 104, 1
510, 1001, -94, 105, 1
511, 1002, -93, 106, 1
512, 1002, -94, 105, 1
513, 1003, -93, 100, 1
514, 1003, -93, 103, 1
515, 1004, -93, 106, 1
516, 1004, -93, 105, 1
517, 1005, -93, 103, 1
518, 1005, -93, 100, 1
519, 1006, -94, 105, 1
520, 1007, -93, 103, 1
521, 1007, -93, 99, 1
522, 1007, -94, 103, 1
523, 1008, -94, 103, 1
524, 1008, -94, 92, 1
525, 1009, -94, 103, 1
526, 1009, -94, 104, 1
527, 1010, -95, 101, 1
528, 1011, -94, 104, 1
529, 1011, -94, 101, 1
530, 1011, -94, 105, 1
531, 1012, -95, 100, 1
532, 1013, -95, 102, 1
533, 1013, -94, 103, 1
534, 1013, -95, 103, 1
535, 1014, -94, 100, 1
536, 1014, -95, 99, 1
537, 1015, -94, 104, 1
538, 1015, -94, 99, 1
539, 1016, -94, 105, 1
540, 1016, -95, 99, 1
541, 1017, -94, 104, 1
542, 1017, -93, 102, 1
543, 1018, -94, 95, 1
544, 1018, -94, 105, 1
545, 1019, -94, 104, 1
546, 1019, -93, 105, 1
547, 1020, -93, 105, 1
548, 1020, -93, 102, 1
549, 1021, -92, 106, 1
550, 1022, -94, 106, 1
551, 1022, -92, 105, 1
552, 1022, -93, 105, 1
553, 1023, -93, 104, 1
554, 1023, -92, 105, 1
555, 1024, -92, 105, 1
556, 1024, -94, 103, 1
557, 1025, -93, 103, 1
558, 1025, -94, 104, 1
559, 1026, -92, 102, 1
560, 1026, -95, 104, 1
561, 1027, -93, 100, 1
562, 1027, -92, 105, 1
563, 1028, -93, 104, 1
564, 1028, -94, 102, 1
565, 1029, -92, 104, 1
566, 1029, -93, 104, 1
567, 1030, -91, 105, 1
568, 1030, -92, 103, 1
569, 1031, -93, 106, 1
570, 1031, -92, 105, 1
571, 1032, -94, 101, 1
572, 1032, -93, 100, 1
573, 1033, -93, 104, 1
574, 1034, -94, 102, 1
575, 1034, -93, 102, 1
576, 1035, -93, 104, 1
577, 1035, -94, 105, 1
578, 1035, -93, 104, 1
579, 1036, -92, 105, 1
580, 1036, -92, 105, 1
581, 1037, -94, 103, 1
582, 1037, -94, 101, 1
583, 1038, -95, 96, 1
584, 1038, -93, 104, 1
585, 1039, -93, 100, 1
586, 1039, -94, 99, 1
587, 1040, -94, 101, 1
588, 1040, -94, 104, 1
589, 1041, -94, 100, 1
590, 1041, -93, 105, 1
591, 1042, -93, 104, 1
592, 1042, -92, 104, 1
593, 1043, -93, 106, 1
594, 1043, -94, 100, 1
595, 1044, -92, 104, 1
596, 1045, -93, 105, 1
597, 1045, -94, 101, 1
598, 1045, -94, 104, 1
599, 1046, -95, 99, 1
600, 1046, -94, 103, 1
601, 1047, -94, 100, 1
602, 1047, -95, 102, 1
603, 1048, -96, 98, 1
604, 1048, -95, 104, 1
605, 1049, -94, 102, 1
606, 1049, -95, 100, 1
607, 1050, -95, 100, 1
608, 1050, -95, 101, 1
609, 1051, -94, 98, 1
610, 1051, -94, 104, 1
611, 1052, -95, 96, 1
612, 1053, -95, 102, 1
613, 1053, -95, 101, 1
614, 1053, -94, 103, 1
615, 1054, -95, 102, 1
616, 1054, -94, 102, 1
617, 1055, -93, 102, 1
618, 1056, -94, 99, 1
619, 1056, -94, 102, 1
620, 1056, -93, 104, 1
621, 1057, -95, 102, 1
622, 1058, -93, 91, 1
623, 1058, -92, 105, 1
624, 1058, -94, 101, 1
625, 1059, -93, 103, 1
626, 1059, -95, 101, 1
627, 1060, -96, 96, 1
628, 1060, -94, 100, 1
629, 1061, -94, 101, 1
630, 1062, -94, 105, 1
631, 1062, -94, 75, 1
632, 1062, -94, 103, 1
633, 1063, -93, 101, 1
634, 1064, -94, 101, 1
635, 1064, -94, 105, 1
636, 1064, -93, 101, 1
637, 1065, -94, 99, 1
638, 1065, -94, 104, 1
639, 1066, -96, 99, 1
640, 1067, -96, 94, 1
641, 1067, -96, 102, 1
642, 1067, -96, 91, 1
643, 1068, -95, 102, 1
644, 1069, -94, 100, 1
645, 1069, -94, 102, 1
646, 1069, -95, 104, 1
647, 1070, -94, 103, 1
648, 1070, -96, 97, 1
649, 1071, -94, 103, 1
650, 1071, -94, 103, 1
651, 1072, -94, 103, 1
652, 1072, -94, 103, 1
653, 1073, -95, 100, 1
654, 1073, -95, 105, 1
655, 1074, -94, 103, 1
656, 1075, -95, 103, 1
657, 1075, -94, 96, 1
658, 1075, -95, 99, 1
659, 1076, -96, 98, 1
660, 1076, -94, 101, 1
661, 1077, -95, 99, 1
662, 1078, -93, 105, 1
663, 1078, -93, 105, 1
664, 1078, -92, 107, 1
665, 1079, -95, 102, 1
666, 1079, -93, 105, 1
667, 1080, -96, 101, 1
668, 1080, -93, 103, 1
669, 1081, -97, 98, 1
670, 1082, -93, 105, 1
671, 1082, -95, 98, 1
672, 1082, -93, 104, 1
673, 1083, -95, 101, 1
674, 1084, -94, 100, 1
675, 1084, -95, 93, 1
676, 1084, -95, 101, 1
677, 1085, -95, 99, 1
678, 1086, -93, 101, 1
679, 1086, -93, 105, 1
680, 1086, -94, 104, 1
681, 1087, -95, 98, 1
682, 1087, -94, 101, 1
683, 1088, -94, 101, 1
684, 1089, -95, 102, 1
685, 1089, -94, 102, 1
686, 1089, -95, 104, 1
687, 1090, -94, 102, 1
688, 1090, -96, 94, 1
689, 1091, -94, 105, 1
690, 1091, -94, 103, 1
691, 1092, -94, 104, 1
692, 1092, -95, 101, 1
693, 1093, -94, 103, 1
694, 1094, -94, 102, 1
695, 1094, -94, 102, 1
696, 1094, -94, 103, 1
697, 1095, -94, 105, 1
698, 1095, -94, 102, 1
699, 1096, -94, 101, 1
700, 1097, -94, 104, 1
701, 1097, -95, 100, 1
702, 1097, -95, 102, 1
703, 1098, -95, 98, 1
704, 1098, -95, 103, 1
705, 1099, -94, 102, 1
706, 1100, -94, 102, 1
707, 1100, -95, 100, 1
708, 1100, -95, 100, 1
709, 1101, -95, 103, 1
710, 1101, -94, 98, 1
711, 1102, -94, 103, 1
712, 1102, -94, 103, 1
713, 1103, -94, 103, 1
714, 1103, -93, 102, 1
715, 1104, -93, 104, 1
716, 1105, -93, 104, 1
717, 1105, -94, 104, 1
718, 1105, -94, 102, 1
719, 1106, -94, 102, 1
720, 1106, -93, 86, 1
721, 1107, -94, 101, 1
722, 1107, -93, 103, 1
723, 1108, -93, 69, 1
724, 1108, -93, 103, 1
725, 1109, -94, 105, 1
726, 1109, -94, 102, 1
727, 1110, -94, 82, 1
728, 1110, -94, 100, 1
729, 1111, -94, 104, 1
730, 1111, -94, 102, 1
731, 1112, -94, 99, 1
732, 1112, -94, 102, 1
733, 1113, -94, 101, 1
734, 1113, -93, 102, 1
735, 1114, -93, 103, 1
736, 1114, -93, 105, 1
737, 1115, -94, 102, 1
738, 1116, -94, 104, 1
739, 1116, -93, 106, 1
740, 1116, -93, 103, 1
741, 1117, -94, 104, 1
742, 1117, -93, 100, 1
743, 1118, -94, 103, 1
744, 1118, -94, 103, 1
745, 1119, -94, 104, 1
746, 1119, -94, 105, 1
747, 1120, -93, 102, 1
748, 1120, -94, 104, 1
749, 1121, -94, 103, 1
750, 1122, -94, 103, 1
751, 1122, -94, 99, 1
752, 1123, -94, 104, 1
753, 1123, -94, 102, 1
754, 1123, -93, 35, 1
755, 1124, -94, 103, 1
756, 1125, -94, 106, 1
757, 1125, -93, 106, 1
758, 1125, -93, 103, 1
759, 1126, -94, 103, 1
760, 1126, -94, 104, 1
761, 1127, -94, 59, 1
762, 1127, -94, 100, 1
763, 1128, -94, 101, 1
764, 1128, -94, 106, 1
765, 1129, -93, 103, 1
766, 1129, -94, 104, 1
767, 1130, -94, 105, 1
768, 1130, -93, 100, 1
769, 1131, -94, 104, 1
770, 1131, -93, 102, 1
771, 1132, -94, 104, 1
772, 1132, -93, 25, 1
773, 1133, -93, 103, 1
774, 1133, -94, 102, 1
775, 1134, -94, 103, 1
776, 1135, -94, 104, 1
777, 1135, -93, 104, 1
778, 1135, -93, 103, 1
779, 1136, -93, 103, 1
780, 1136, -93, 102, 1
781, 1137, -94, 104, 1
782, 1137, -94, 104, 1
783, 1138, -93, 103, 1
784, 1138, -94, 101, 1
785, 1139, -94, 104, 1
786, 1139, -93, 103, 1
787, 1140, -93, 106, 1
788, 1140, -94, 104, 1
789, 1141, -93, 102, 1
790, 1141, -93, 106, 1
791, 1142, -93, 105, 1
792, 1142, -94, 102, 1
793, 1143, -93, 103, 1
794, 1144, -93, 105, 1
795, 1144, -93, 105, 1
796, 1144, -93, 104, 1
797, 1145, -93, 104, 1
798, 1145, -93, 104, 1
799, 1146, -93, 103, 1
800, 1146, -93, 99, 1
801, 1147, -93, 103, 1
802, 1148, -93, 104, 1
803, 1148, -93, 105, 1
804, 1148, -93, 102, 1
805, 1149, -93, 104, 1
806, 1149, -94, 104, 1
807, 1150, -93, 105, 1
808, 1150, -93, 103, 1
809, 1151, -93, 103, 1
810, 1151, -93, 105, 1
811, 1152, -93, 104, 1
812, 1152, -93, 106, 1
813, 1153, -93, 104, 1
814, 1153, -93, 101, 1
815, 1154, -93, 104, 1
816, 1154, -94, 104, 1
817, 1155, -93, 104, 1
818, 1155, -93, 103, 1
819, 1156, -94, 103, 1
820, 1156, -93, 103, 1
821, 1157, -93, 102, 1
822, 1157, -93, 105, 1
823, 1158, -94, 103, 1
824, 1158, -93, 105, 1
825, 1159, -93, 101, 1
826, 1159, -94, 103, 1
827, 1160, -93, 105, 1
828, 1160, -93, 104, 1
829, 1161, -93, 101, 1
830, 1161, -93, 101, 1
831, 1162, -93, 101, 1
832, 1162, -94, 101, 1
833, 1163, -93, 104, 1
834, 1164, -93, 103, 1
835, 1164, -93, 104, 1
836, 1164, -93, 104, 1
837, 1165, -93, 104, 1
838, 1165, -93, 104, 1
839, 1166, -93, 105, 1
840, 1166, -93, 103, 1
841, 1167, -93, 105, 1
842, 1167, -94, 104, 1
843, 1168, -94, 104, 1
844, 1169, -93, 104, 1
845, 1169, -94, 101, 1
846, 1169, -94, 101, 1
847, 1170, -95, 100, 1
848, 1170, -95, 103, 1
849, 1171, -95, 98, 1
850, 1172, -94, 102, 1
851, 1172, -95, 101, 1
852, 1172, -94, 102, 1
853, 1173, -94, 104, 1
854, 1173, -95, 99, 1
855, 1174, -94, 103, 1
856, 1174, -94, 101, 1
857, 1175, -95, 99, 1
858, 1175, -95, 101, 1
859, 1176, -94, 97, 1
860, 1176, -94, 105, 1
861, 1177, -94, 105, 1
862, 1177, -95, 104, 1
863, 1178, -95, 101, 1
864, 1178, -94, 101, 1
865, 1179, -94, 102, 1
866, 1179, -93, 104, 1
867, 1180, -95, 102, 1
868, 1180, -95, 102, 1
869, 1181, -94, 98, 1
870, 1182, -94, 108, 1
871, 1182, -95, 101, 1
872, 1182, -94, 103, 1
873, 1183, -94, 101, 1
874, 1183, -95, 96, 1
875, 1184, -94, 102, 1
876, 1184, -94, 101, 1
877, 1185, -94, 101, 1
878, 1185, -95, 97, 1
879, 1186, -95, 100, 1
880, 1187, -94, 103, 1
881, 1187, -95, 56, 1
882, 1187, -95, 102, 1
883, 1188, -95, 101, 1
884, 1188, -95, 96, 1
885, 1189, -95, 98, 1
886, 1189, -94, 100, 1
887, 1190, -93, 104, 1
888, 1190, -94, 104, 1
889, 1191, -94, 105, 1
890, 1191, -95, 101, 1
891, 1192, -94, 104, 1
892, 1192, -94, 106, 1
893, 1193, -94, 104, 1
894, 1194, -94, 38, 1
895, 1194, -94, 105, 1
896, 1194, -93, 105, 1
897, 1195, -93, 105, 1
898, 1195, -94, 102, 1
899, 1196, -94, 105, 1
900, 1197, -94, 104, 1
901, 1197, -94, 101, 1
902, 1197, -93, 104, 1
903, 1198, -95, 92, 1
904, 1198, -95, 102, 1
905, 1199, -93, 104, 1
906, 1199, -94, 104, 1
907, 1200, -94, 102, 1
908, 1200, -94, 102, 1
909, 1201, -94, 100, 1
910, 1202, -94, 104, 1
911, 1202, -93, 104, 1
912, 1202, -94, 102, 1
913, 1203, -94, 104, 1
914, 1204, -94, 97, 1
915, 1204, -95, 102, 1
916, 1204, -94, 102, 1
917, 1205, -95, 99, 1
918, 1205, -94, 102, 1
919, 1206, -93, 105, 1
920, 1207, -94, 104, 1
921, 1207, -94, 104, 1
922, 1208, -93, 105, 1
923, 1208, -94, 102, 1
924, 1208, -94, 105, 1
925, 1209, -94, 104, 1
926, 1209, -94, 105, 1
927, 1210, -93, 104, 1
928, 1210, -94, 101, 1
929, 1211, -94, 99, 1
930, 1211, -94, 101, 1
931, 1212, -94, 105, 1
932, 1212, -93, 99, 1
933, 1213, -94, 105, 1
934, 1214, -94, 101, 1
935, 1214, -94, 101, 1
936, 1214, -93, 104, 1
937, 1215, -94, 104, 1
938, 1215, -94, 106, 1
939, 1216, -94, 105, 1
940, 1217, -94, 105, 1
941, 1217, -94, 100, 1
942, 1217, -94, 101, 1
943, 1218, -94, 99, 1
944, 1218, -93, 105, 1
945, 1219, -94, 69, 1
946, 1219, -93, 102, 1
947, 1220, -94, 103, 1
948, 1221, -94, 103, 1
949, 1221, -93, 103, 1
950, 1221, -93, 104, 1
951, 1222, -94, 106, 1
952, 1222, -93, 104, 1
953, 1223, -93, 101, 1
954, 1223, -93, 106, 1
955, 1224, -93, 103, 1
956, 1224, -93, 105, 1
957, 1225, -94, 106, 1
958, 1226, -94, 104, 1
959, 1226, -93, 103, 1
960, 1226, -93, 104, 1
961, 1227, -93, 106, 1
962, 1227, -93, 105, 1
963, 1228, -93, 105, 1
964, 1228, -93, 105, 1
965, 1229, -92, 104, 1
966, 1229, -92, 105, 1
967, 1230, -92, 105, 1
968, 1230, -93, 106, 1
969, 1231, -93, 105, 1
970, 1231, -93, 104, 1
971, 1232, -93, 105, 1
972, 1232, -93, 104, 1
973, 1233, -93, 103, 1
974, 1233, -93, 104, 1
975, 1234, -93, 104, 1
976, 1234, -94, 106, 1
977, 1235, -93, 105, 1
978, 1235, -94, 104, 1
979, 1236, -94, 102, 1
980, 1236, -94, 100, 1
981, 1237, -94, 104, 1
982, 1238, -93, 104, 1
983, 1238, -93, 103, 1
984, 1239, -94, 100, 1
985, 1239, -94, 102, 1
986, 1239, -94, 104, 1
987, 1240, -93, 102, 1
988, 1240, -94, 104, 1
989, 1241, -93, 90, 1
990, 1242, -94, 104, 1
991, 1242, -93, 102, 1
992, 1242, -93, 105, 1
993, 1243, -93, 103, 1
994, 1243, -93, 106, 1
995, 1244, -93, 99, 1
996, 1244, -93, 103, 1
997, 1245, -94, 104, 1
998, 1245, -94, 104, 1
999, 1246, -93, 104, 1
1000, 1246, -94, 104, 1
1001, 1247, -94, 105, 1
1002, 1247, -93, 102, 1
1003, 1248, -93, 103, 1
1004, 1248, -94, 98, 1
1005, 1249, -94, 103, 1
1006, 1249, -94, 106, 1
1007, 1250, -93, 104, 1
1008, 1251, -94, 101, 1
1009, 1251, -93, 103, 1
1010, 1251, -94, 104, 1
1011, 1252, -94, 106, 1
1012, 1252, -94, 104, 1
1013, 1253, -93, 105, 1
1014, 1253, -93, 103, 1
1015, 1254, -94, 103, 1
1016, 1254, -94, 104, 1
1017, 1255, -94, 101, 1
1018, 1255, -94, 103, 1
1019, 1256, -94, 102, 1
1020, 1256, -94, 105, 1
1021, 1257, -94, 102, 1
1022, 1258, -94, 93, 1
1023, 1258, -94, 104, 1
1024, 1258, -94, 105, 1
1025, 1259, -94, 99, 1
1026, 1259, -94, 103, 1
1027, 1260, -94, 103, 1
1028, 1260, -94, 102, 1
1029, 1261, -94, 103, 1
1030, 1261, -94, 104, 1
1031, 1262, -94, 102, 1
1032, 1262, -93, 102, 1
1033, 1263, -94, 100, 1
1034, 1264, -94, 102, 1
1035, 1264, -94, 100, 1
1036, 1264, -94, 100, 1
1037, 1265, -94, 104, 1
1038, 1266, -94, 99, 1
1039, 1266, -94, 37, 1
1040, 1266, -94, 103, 1
1041, 1267, -94, 103, 1
1042, 1267, -94, 104, 1
1043, 1268, -94, 104, 1
1044, 1268, -95, 102, 1
1045, 1269, -93, 103, 1
1046, 1269, -93, 101, 1
1047, 1270, -94, 102, 1
1048, 1270, -94, 104, 1
1049, 1271, -95, 101, 1
1050, 1271, -94, 102, 1
1051, 1272, -93, 100, 1
1052, 1272, -94, 105, 1
1053, 1273, -93, 102, 1
1054, 1273, -94, 103, 1
1055, 1274, -93, 104, 1
1056, 1274, -95, 103, 1
1057, 1275, -94, 101, 1
1058, 1275, -94, 105, 1
1059, 1276, -94, 106, 1
1060, 1277, -95, 102, 1
1061, 1277, -95, 101, 1
1062, 1277, -93, 103, 1
1063, 1278, -94, 103, 1
1064, 1278, -93, 102, 1
1065, 1279, -93, 103, 1
1066, 1279, -93, 104, 1
1067, 1280, -93, 106, 1
1068, 1280, -93, 103, 1
1069, 1281, -93, 103, 1
1070, 1282, -94, 103, 1
1071, 1282, -93, 106, 1
1072, 1282, -93, 104, 1
1073, 1283, -93, 105, 1
1074, 1283, -93, 105, 1
1075, 1284, -93, 104, 1
1076, 1285, -93, 101, 1
1077, 1285, -93, 104, 1
1078, 1285, -93, 101, 1
1079, 1286, -93, 105, 1
1080, 1286, -93, 104, 1
1081, 1287, -93, 104, 1
1082, 1287, -93, 103, 1
1083, 1288, -92, 103, 1
1084, 1288, -92, 103, 1
1085, 1289, -92, 104, 1
1086, 1289, -93, 105, 1
1087, 1290, -93, 103, 1
1088, 1290, -92, 105, 1
1089, 1291, -93, 103, 1
1090, 1292, -93, 104, 1
1091, 1292, -93, 105, 1
1092, 1292, -93, 104, 1
1093, 1293, -93, 106, 1
1094, 1293, -93, 104, 1
1095, 1294, -93, 105, 1
1096, 1294, -93, 105, 1
1097, 1295, -93, 105, 1
1098, 1295, -93, 105, 1
1099, 1296, -93, 105, 1
1100, 1296, -93, 103, 1
1101, 1297, -93, 103, 1
1102, 1297, -93, 107, 1
1103, 1298, -93, 105, 1
1104, 1298, -93, 99, 1
1105, 1299, -93, 104, 1
1106, 1299, -93, 104, 1
1107, 1300, -93, 94, 1
1108, 1301, -93, 103, 1
1109, 1301, -93, 107, 1
1110, 1302, -93, 104, 1
1111, 1302, -93, 103, 1
1112, 1302, -93, 104, 1
1113, 1303, -93, 104, 1
1114, 1304, -93, 105, 1
1115, 1304, -92, 106, 1
1116, 1304, -93, 106, 1
1117, 1305, -93, 103, 1
1118, 1305, -93, 104, 1
1119, 1306, -93, 105, 1
1120, 1307, -93, 106, 1
1121, 1307, -92, 105, 1
1122, 1307, -94, 104, 1
1123, 1308, -93, 104, 1
1124, 1308, -93, 105, 1
1125, 1309, -93, 103, 1
1126, 1310, -93, 107, 1
1127, 1310, -93, 102, 1
1128, 1310, -94, 104, 1
1129, 1311, -93, 104, 1
1130, 1311, -93, 106, 1
1131, 1312, -93, 107, 1
1132, 1312, -93, 103, 1
1133, 1313, -93, 105, 1
1134, 1313, -94, 102, 1
1135, 1314, -93, 106, 1
1136, 1314, -93, 103, 1
1137, 1315, -92, 104, 1
1138, 1315, -93, 106, 1
1139, 1316, -94, 98, 1
1140, 1316, -93, 105, 1
1141, 1317, -94, 105, 1
1142, 1317, -93, 102, 1
1143, 1318, -93, 105, 1
1144, 1318, -94, 102, 1
1145, 1319, -94, 101, 1
1146, 1319, -94, 101, 1
1147, 1320, -94, 101, 1
1148, 1320, -94, 98, 1
1149, 1321, -94, 105, 1
1150, 1321, -93, 103, 1
1151, 1322, -94, 103, 1
1152, 1322, -94, 101, 1
1153, 1323, -95, 101, 1
1154, 1323, -94, 102, 1
1155, 1324, -94, 102, 1
1156, 1324, -93, 101, 1
1157, 1325, -94, 102, 1
1158, 1325, -94, 104, 1
1159, 1326, -94, 105, 1
1160, 1327, -94, 102, 1
1161, 1327, -93, 103, 1
1162, 1327, -94, 104, 1
1163, 1328, -93, 103, 1
1164, 1328, -94, 103, 1
1165, 1329, -93, 104, 1
1166, 1329, -94, 100, 1
1167, 1330, -93, 103, 1
1168, 1330, -94, 99, 1
1169, 1331, -94, 104, 1
1170, 1331, -93, 104, 1
1171, 1332, -93, 106, 1
1172, 1332, -93, 104, 1
1173, 1333, -93, 107, 1
1174, 1333, -93, 102, 1
1175, 1334, -93, 106, 1
1176, 1334, -93, 105, 1
1177, 1335, -93, 104, 1
1178, 1335, -93, 104, 1
1179, 1336, -93, 104, 1
1180, 1337, -93, 105, 1
1181, 1337, -93, 105, 1
1182, 1337, -93, 104, 1
1183, 1338, -93, 103, 1
1184, 1338, -94, 101, 1
1185, 1339, -95, 103, 1
1186, 1339, -94, 105, 1
1187, 1340, -93, 105, 1
1188, 1340, -94, 103, 1
1189, 1341, -95, 105, 1
1190, 1341, -95, 102, 1
1191, 1342, -95, 104, 1
1192, 1342, -94, 98, 1
1193, 1343, -94, 101, 1
1194, 1343, -94, 97, 1
1195, 1344, -94, 102, 1
1196, 1345, -93, 104, 1
1197, 1345, -94, 104, 1
1198, 1345, -93, 89, 1
1199, 1346, -93, 104, 1
1200, 1347, -94, 100, 1
1201, 1347, -94, 102, 1
1202, 1347, -93, 103, 1
1203, 1348, -93, 99, 1
1204, 1348, -93, 101, 1
1205, 1349, -93, 103, 1
1206, 1349, -94, 105, 1
1207, 1350, -93, 105, 1
1208, 1351, -94, 55, 1
1209, 1351, -94, 95, 1
1210, 1352, -94, 91, 1
1211, 1352, -94, 97, 1
1212, 1353, -94, 104, 1
1213, 1353, -93, 102, 1
1214, 1354, -93, 99, 1
1215, 1354, -93, 102, 1
1216, 1354, -94, 103, 1
1217, 1355, -94, 105, 1
1218, 1355, -93, 105, 1
1219, 1356, -94, 103, 1
1220, 1357, -94, 102, 1
1221, 1357, -93, 100, 1
1222, 1357, -94, 103, 1
1223, 1358, -94, 103, 1
1224, 1358, -94, 105, 1
1225, 1359, -94, 102, 1
1226, 1359, -94, 99, 1
1227, 1360, -93, 103, 1
1228, 1361, -93, 104, 1
1229, 1361, -92, 102, 1
1230, 1361, -93, 103, 1
1231, 1362, -92, 105, 1
1232, 1362, -92, 106, 1
1233, 1363, -93, 103, 1
1234, 1363, -93, 104, 1
1235, 1364, -92, 104, 1
1236, 1364, -92, 102, 1
1237, 1365, -93, 106, 1
1238, 1365, -93, 105, 1
1239, 1366, -93, 102, 1
1240, 1366, -93, 105, 1
1241, 1367, -93, 103, 1
1242, 1367, -93, 101, 1
1243, 1368, -93, 104, 1
1244, 1368, -92, 105, 1
1245, 1369, -93, 103, 1
1246, 1369, -93, 106, 1
1247, 1370, -93, 103, 1
1248, 1370, -92, 104, 1
1249, 1371, -92, 104, 1
1250, 1371, -93, 72, 1
1251, 1372, -93, 105, 1
1252, 1373, -93, 104, 1
1253, 1373, -92, 104, 1
1254, 1373, -93, 104, 1
1255, 1374, -92, 103, 1
1256, 1374, -93, 105, 1
1257, 1375, -93, 104, 1
1258, 1375, -92, 104, 1
1259, 1376, -96, 94, 1
1260, 1377, -94, 103, 1
1261, 1377, -91, 106, 1
1262, 1377, -91, 103, 1
1263, 1378, -92, 106, 1
1264, 1378, -93, 106, 1
1265, 1379, -93, 103, 1
1266, 1379, -93, 107, 1
1267, 1380, -92, 103, 1
1268, 1380, -93, 105, 1
1269, 1381, -93, 101, 1
1270, 1382, -94, 103, 1
1271, 1382, -94, 103, 1
1272, 1382, -94, 102, 1
1273, 1383, -93, 104, 1
1274, 1383, -94, 102, 1
1275, 1384, -93, 103, 1
1276, 1384, -94, 104, 1
1277, 1385, -93, 107, 1
1278, 1385, -93, 105, 1
1279, 1386, -93, 105, 1
1280, 1386, -94, 102, 1
1281, 1387, -93, 104, 1
1282, 1388, -93, 105, 1
1283, 1388, -93, 102, 1
1284, 1388, -93, 104, 1
1285, 1389, -93, 105, 1
1286, 1389, -93, 104, 1
1287, 1390, -93, 102, 1
1288, 1390, -93, 102, 1
1289, 1391, -93, 105, 1
1290, 1391, -93, 102, 1
1291, 1392, -93, 104, 1
1292, 1392, -94, 102, 1
1293, 1393, -93, 105, 1
1294, 1393, -93, 103, 1
1295, 1394, -93, 102, 1
1296, 1394, -93, 101, 1
1297, 1395, -93, 103, 1
1298, 1395, -93, 106, 1
1299, 1396, -93, 103, 1
1300, 1396, -92, 100, 1
1301, 1397, -93, 103, 1
1302, 1397, -93, 101, 1
1303, 1398, -93, 103, 1
1304, 1398, -94, 102, 1
1305, 1399, -94, 104, 1
1306, 1399, -93, 104, 1
1307, 1400, -94, 102, 1
1308, 1400, -95, 93, 1
1309, 1401, -94, 103, 1
1310, 1401, -95, 101, 1
1311, 1402, -94, 100, 1
1312, 1402, -93, 102, 1
1313, 1403, -94, 99, 1
1314, 1403, -94, 101, 1
1315, 1404, -94, 103, 1
1316, 1405, -93, 98, 1
1317, 1405, -95, 101, 1
1318, 1406, -95, 103, 1
1319, 1406, -94, 99, 1
1320, 1406, -94, 103, 1
1321, 1407, -94, 94, 1
1322, 1407, -94, 105, 1
1323, 1408, -94, 104, 1
1324, 1408, -94, 103, 1
1325, 1409, -94, 101, 1
1326, 1409, -95, 100, 1
1327, 1410, -95, 97, 1
1328, 1410, -94, 99, 1
1329, 1411, -94, 104, 1
1330, 1411, -93, 100, 1
1331, 1412, -95, 98, 1
1332, 1412, -94, 102, 1
1333, 1413, -94, 99, 1
1334, 1413, -93, 103, 1
1335, 1414, -93, 104, 1
1336, 1414, -94, 98, 1
1337, 1415, -94, 100, 1
1338, 1415, -94, 98, 1
1339, 1416, -93, 98, 1
1340, 1417, -93, 100, 1
1341, 1417, -93, 104, 1
1342, 1417, -93, 102, 1
1343, 1418, -93, 106, 1
1344, 1418, -91, 106, 1
1345, 1419, -93, 104, 1
1346, 1419, -95, 101, 1
1347, 1420, -94, 98, 1
1348, 1420, -94, 97, 1
1349, 1421, -94, 101, 1
1350, 1422, -94, 102, 1
1351, 1422, -93, 103, 1
1352, 1422, -95, 100, 1
1353, 1423, -93, 102, 1
1354, 1423, -93, 95, 1
1355, 1424, -93, 106, 1
1356, 1424, -93, 104, 1
1357, 1425, -93, 101, 1
1358, 1425, -93, 103, 1
1359, 1426, -92, 104, 1
1360, 1426, -93, 106, 1
1361, 1427, -94, 101, 1
1362, 1427, -94, 104, 1
1363, 1428, -93, 106, 1
1364, 1428, -92, 105, 1
1365, 1429, -94, 104, 1
1366, 1429, -94, 105, 1
1367, 1430, -93, 104, 1
1368, 1430, -93, 105, 1
1369, 1431, -93, 106, 1
1370, 1431, -93, 103, 1
1371, 1432, -92, 105, 1
1372, 1432, -93, 105, 1
1373, 1433, -94, 94, 1
1374, 1434, -93, 105, 1
1375, 1434, -92, 105, 1
1376, 1434, -93, 106, 1
1377, 1435, -93, 103, 1
1378, 1436, -93, 104, 1
1379, 1436, -93, 105, 1
1380, 1436, -93, 104, 1
1381, 1437, -93, 105, 1
1382, 1437, -92, 103, 1
1383, 1438, -93, 102, 1
1384, 1438, -92, 105, 1
1385, 1439, -93, 102, 1
1386, 1440, -93, 106, 1
1387, 1440, -93, 102, 1
1388, 1440, -93, 99, 1
1389, 1441, -93, 105, 1
1390, 1441, -93, 104, 1
1391, 1442, -93, 104, 1
1392, 1443, -94, 104, 1
1393, 1443, -94, 85, 1
1394, 1443, -93, 103, 1
1395, 1444, -93, 105, 1
1396, 1444, -92, 103, 1
1397, 1445, -93, 104, 1
1398, 1445, -94, 104, 1
1399, 1446, -93, 106, 1
1400, 1447, -93, 104, 1
1401, 1447, -93, 104, 1
1402, 1447, -93, 99, 1
1403, 1448, -93, 105, 1
1404, 1449, -93, 103, 1
1405, 1449, -93, 100, 1
1406, 1449, -93, 104, 1
1407, 1450, -93, 104, 1
1408, 1450, -93, 104, 1
1409, 1451, -93, 104, 1
1410, 1452, -94, 106, 1
1411, 1452, -93, 104, 1
1412, 1452, -93, 105, 1
1413, 1453, -93, 92, 1
1414, 1454, -93, 103, 1
1415, 1454, -94, 104, 1
1416, 1454, -92, 106, 1
1417, 1455, -93, 104, 1
1418, 1456, -93, 41, 1
1419, 1456, -94, 104, 1
1420, 1456, -93, 105, 1
1421, 1457, -93, 105, 1
1422, 1457, -93, 104, 1
1423, 1458, -92, 106, 1
1424, 1458, -92, 106, 1
1425, 1459, -93, 38, 1
1426, 1460, -93, 106, 1
1427, 1460, -93, 104, 1
1428, 1460, -93, 104, 1
1429, 1461, -94, 106, 1
1430, 1462, -93, 106, 1
1431, 1462, -93, 105, 1
1432, 1462, -94, 102, 1
1433, 1463, -93, 103, 1
1434, 1464, -94, 104, 1
1435, 1464, -93, 103, 1
1436, 1465, -93, 103, 1
1437, 1465, -93, 106, 1
1438, 1466, -93, 104, 1
1439, 1466, -93, 105, 1
1440, 1466, -93, 105, 1
1441, 1467, -93, 106, 1
1442, 1467, -93, 103, 1
1443, 1468, -94, 105, 1
1444, 1468, -93, 105, 1
1445, 1469, -92, 104, 1
1446, 1469, -92, 106, 1
1447, 1470, -93, 106, 1
1448, 1470, -93, 104, 1
1449, 1471, -93, 99, 1
1450, 1471, -93, 104, 1
1451, 1472, -94, 104, 1
1452, 1472, -94, 106, 1
1453, 1473, -93, 103, 1
1454, 1473, -93, 105, 1
1455, 1474, -93, 105, 1
1456, 1474, -94, 106, 1
1457, 1475, -94, 102, 1
1458, 1476, -93, 106, 1
1459, 1476, -93, 106, 1
1460, 1476, -93, 105, 1
1461, 1477, -93, 105, 1
1462, 1477, -93, 106, 1
1463, 1478, -93, 103, 1
1464, 1478, -93, 104, 1
1465, 1479, -93, 103, 1
1466, 1479, -94, 104, 1
1467, 1480, -94, 103, 1
1468, 1480, -93, 102, 1
1469, 1481, -94, 102, 1
1470, 1481, -94, 104, 1
1471, 1482, -93, 104, 1
1472, 1482, -93, 105, 1
1473, 1483, -93, 106, 1
1474, 1483, -93, 103, 1
1475, 1484, -93, 104, 1
1476, 1484, -93, 105, 1
1477, 1485, -93, 105, 1
1478, 1486, -93, 102, 1
1479, 1486, -94, 101, 1
1480, 1487, -94, 101, 1
1481, 1487, -93, 105, 1
1482, 1487, -94, 103, 1
1483, 1488, -93, 105, 1
1484, 1488, -92, 106, 1
1485, 1489, -93, 104, 1
1486, 1489, -93, 104, 1
1487, 1490, -94, 104, 1
1488, 1490, -93, 104, 1
1489, 1491, -93, 103, 1
1490, 1491, -93, 105, 1
1491, 1492, -93, 102, 1
1492, 1492, -92, 105, 1
1493, 1493, -92, 105, 1
1494, 1493, -93, 105, 1
1495, 1494, -93, 104, 1
1496, 1494, -93, 103, 1
1497, 1495, -93, 105, 1
1498, 1495, -93, 105, 1
1499, 1496, -93, 104, 1
1500, 1496, -93, 103, 1
1501, 1497, -93, 104, 1
1502, 1497, -93, 101, 1
1503, 1498, -93, 102, 1
1504, 1498, -92, 105, 1
1505, 1499, -93, 105, 1
1506, 1499, -93, 104, 1
1507, 1500, -93, 106, 1
1508, 1501, -93, 107, 1
1509, 1501, -93, 104, 1
1510, 1501, -93, 106, 1
1511, 1502, -93, 104, 1
1512, 1502, -93, 102, 1
1513, 1503, -93, 106, 1
1514, 1504, -93, 103, 1
1515, 1504, -93, 102, 1
1516, 1504, -93, 105, 1
1517, 1505, -93, 103, 1
1518, 1505, -93, 106, 1
1519, 1506, -93, 105, 1
1520, 1506, -93, 103, 1
1521, 1507, -94, 106, 1
1522, 1508, -93, 103, 1
1523, 1508, -93, 102, 1
1524, 1508, -93, 105, 1
1525, 1509, -93, 104, 1
1526, 1510, -93, 103, 1
1527, 1510, -94, 104, 1
1528, 1510, -93, 106, 1
1529, 1511, -94, 103, 1
1530, 1511, -93, 53, 1
1531, 1512, -94, 104, 1
1532, 1512, -93, 105, 1
1533, 1513, -93, 104, 1
1534, 1514, -93, 106, 1
1535, 1514, -93, 105, 1
1536, 1515, -93, 105, 1
1537, 1515, -93, 105, 1
1538, 1515, -93, 105, 1
1539, 1516, -94, 104, 1
1540, 1516, -93, 104, 1
1541, 1517, -93, 103, 1
1542, 1517, -93, 104, 1
1543, 1518, -94, 104, 1
1544, 1518, -94, 105, 1
1545, 1519, -94, 104, 1
1546, 1520, -93, 103, 1
1547, 1520, -93, 106, 1
1548, 1520, -93, 101, 1
1549, 1521, -93, 103, 1
1550, 1521, -94, 100, 1
1551, 1522, -93, 106, 1
1552, 1522, -92, 103, 1
1553, 1523, -93, 105, 1
1554, 1523, -93, 105, 1
1555, 1524, -94, 103, 1
1556, 1524, -93, 105, 1
1557, 1525, -93, 100, 1
1558, 1526, -93, 104, 1
1559, 1526, -93, 103, 1
1560, 1526, -93, 105, 1
1561, 1527, -93, 103, 1
1562, 1527, -93, 101, 1
1563, 1528, -93, 105, 1
1564, 1529, -94, 104, 1
1565, 1529, -93, 105, 1
1566, 1529, -93, 106, 1
1567, 1530, -93, 106, 1
1568, 1530, -92, 103, 1
1569, 1531, -93, 106, 1
1570, 1532, -93, 104, 1
1571, 1532, -94, 104, 1
1572, 1532, -93, 105, 1
1573, 1533, -93, 102, 1
1574, 1533, -93, 105, 1
1575, 1534, -93, 103, 1
1576, 1534, -93, 103, 1
1577, 1535, -94, 105, 1
1578, 1535, -94, 101, 1
1579, 1536, -93, 104, 1
1580, 1536, -93, 101, 1
1581, 1537, -93, 103, 1
1582, 1537, -93, 105, 1
1583, 1538, -93, 104, 1
1584, 1539, -93, 104, 1
1585, 1539, -93, 105, 1
1586, 1540, -94, 103, 1
1587, 1540, -93, 106, 1
1588, 1540, -93, 103, 1
1589, 1541, -93, 104, 1
1590, 1542, -93, 101, 1
1591, 1542, -93, 103, 1
1592, 1543, -94, 103, 1
1593, 1543, -93, 99, 1
1594, 1543, -94, 102, 1
1595, 1544, -94, 104, 1
1596, 1544, -94, 106, 1
1597, 1545, -93, 103, 1
1598, 1545, -93, 100, 1
1599, 1546, -93, 105, 1
1600, 1547, -93, 104, 1
1601, 1547, -93, 103, 1
1602, 1547, -93, 103, 1
1603, 1548, -93, 106, 1
1604, 1548, -93, 106, 1
1605, 1549, -92, 106, 1
1606, 1550, -93, 104, 1
1607, 1550, -93, 103, 1
1608, 1550, -93, 106, 1
1609, 1551, -93, 104, 1
1610, 1552, -93, 105, 1
1611, 1552, -93, 101, 1
1612, 1552, -93, 105, 1
1613, 1553, -93, 104, 1
1614, 1553, -93, 104, 1
1615, 1554, -93, 105, 1
1616, 1554, -93, 103, 1
1617, 1555, -93, 105, 1
1618, 1556, -93, 105, 1
1619, 1556, -93, 104, 1
1620, 1557, -93, 102, 1
1621, 1557, -93, 104, 1
1622, 1557, -93, 104, 1
1623, 1558, -93, 54, 1
1624, 1558, -93, 105, 1
1625, 1559, -93, 103, 1
1626, 1560, -93, 105, 1
1627, 1560, -94, 104, 1
1628, 1560, -93, 106, 1
1629, 1561, -93, 104, 1
1630, 1562, -93, 106, 1
1631, 1562, -93, 104, 1
1632, 1562, -93, 105, 1
1633, 1563, -93, 105, 1
1634, 1563, -93, 103, 1
1635, 1564, -93, 105, 1
1636, 1564, -93, 98, 1
1637, 1565, -93, 105, 1
1638, 1565, -93, 101, 1
1639, 1566, -93, 101, 1
1640, 1567, -94, 104, 1
1641, 1567, -93, 104, 1
1642, 1567, -93, 100, 1
1643, 1568, -93, 105, 1
1644, 1569, -93, 104, 1
1645, 1569, -93, 104, 1
1646, 1569, -93, 106, 1
1647, 1570, -93, 105, 1
1648, 1570, -92, 102, 1
1649, 1571, -93, 107, 1
1650, 1572, -93, 103, 1
1651, 1572, -93, 102, 1
1652, 1572, -93, 104, 1
1653, 1573, -92, 104, 1
1654, 1574, -92, 106, 1
1655, 1574, -93, 106, 1
1656, 1574, -92, 105, 1
1657, 1575, -93, 105, 1
1658, 1576, -92, 107, 1
1659, 1576, -93, 105, 1
1660, 1577, -93, 103, 1
1661, 1577, -93, 103, 1
1662, 1577, -93, 105, 1
1663, 1578, -93, 102, 1
1664, 1578, -93, 105, 1
1665, 1579, -93, 102, 1
1666, 1580, -93, 105, 1
1667, 1580, -93, 104, 1
1668, 1580, -93, 105, 1
1669, 1581, -93, 105, 1
1670, 1582, -93, 106, 1
1671, 1582, -93, 102, 1
1672, 1582, -94, 102, 1
1673, 1583, -93, 104, 1
1674, 1584, -93, 103, 1
1675, 1584, -93, 107, 1
1676, 1585, -92, 105, 1
1677, 1585, -93, 104, 1
1678, 1585, -93, 103, 1
1679, 1586, -93, 106, 1
1680, 1586, -92, 105, 1
1681, 1587, -93, 105, 1
1682, 1587, -93, 106, 1
1683, 1588, -93, 102, 1
1684, 1588, -92, 106, 1
1685, 1589, -93, 104, 1
1686, 1589, -93, 106, 1
1687, 1590, -93, 103, 1
1688, 1590, -93, 102, 1
1689, 1591, -93, 104, 1
1690, 1591, -93, 104, 1
1691, 1592, -93, 104, 1
1692, 1592, -93, 105, 1
1693, 1593, -94, 104, 1
1694, 1593, -94, 103, 1
1695, 1594, -93, 102, 1
1696, 1595, -93, 105, 1
1697, 1595, -94, 104, 1
1698, 1596, -93, 103, 1
1699, 1596, -94, 104, 1
1700, 1596, -94, 105, 1
1701, 1597, -94, 100, 1
1702, 1598, -94, 104, 1
1703, 1598, -94, 102, 1
1704, 1598, -94, 104, 1
1705, 1599, -94, 102, 1
1706, 1599, -93, 105, 1
1707, 1600, -93, 106, 1
1708, 1600, -94, 104, 1
1709, 1601, -94, 102, 1
1710, 1602, -94, 102, 1
1711, 1602, -93, 103, 1
1712, 1602, -94, 103, 1
1713, 1603, -94, 101, 1
1714, 1603, -94, 104, 1
1715, 1604, -93, 104, 1
1716, 1604, -93, 106, 1
1717, 1605, -94, 101, 1
1718, 1605, -93, 105, 1
1719, 1606, -94, 104, 1
1720, 1606, -93, 103, 1
1721, 1607, -93, 103, 1
1722, 1608, -93, 104, 1
1723, 1608, -93, 105, 1
1724, 1608, -93, 101, 1
1725, 1609, -93, 104, 1
1726, 1609, -93, 102, 1
1727, 1610, -94, 101, 1
1728, 1610, -94, 102, 1
1729, 1611, -94, 100, 1
1730, 1611, -94, 102, 1
1731, 1612, -94, 103, 1
1732, 1613, -94, 98, 1
1733, 1613, -93, 105, 1
1734, 1613, -94, 92, 1
1735, 1614, -94, 105, 1
1736, 1615, -93, 105, 1
1737, 1615, -93, 104, 1
1738, 1615, -94, 104, 1
1739, 1616, -94, 106, 1
1740, 1616, -92, 104, 1
1741, 1617, -94, 102, 1
1742, 1617, -94, 104, 1
1743, 1618, -94, 103, 1
1744, 1618, -94, 102, 1
1745, 1619, -94, 104, 1
1746, 1620, -94, 102, 1
1747, 1620, -94, 101, 1
1748, 1620, -94, 103, 1
1749, 1621, -94, 103, 1
1750, 1622, -94, 104, 1
1751, 1622, -93, 104, 1
1752, 1623, -93, 104, 1
1753, 1623, -93, 104, 1
1754, 1623, -93, 104, 1
1755, 1624, -93, 106, 1
1756, 1625, -94, 105, 1
1757, 1625, -94, 104, 1
1758, 1625, -93, 104, 1
1759, 1626, -93, 103, 1
1760, 1626, -93, 103, 1
1761, 1627, -94, 104, 1
1762, 1628, -94, 103, 1
1763, 1628, -93, 106, 1
1764, 1628, -93, 106, 1
1765, 1629, -93, 104, 1
1766, 1630, -93, 102, 1
1767, 1630, -93, 99, 1
1768, 1631, -93, 104, 1
1769, 1631, -94, 103, 1
1770, 1631, -93, 106, 1
1771, 1632, -93, 107, 1
1772, 1632, -93, 104, 1
1773, 1633, -93, 104, 1
1774, 1634, -93, 107, 1
1775, 1634, -93, 105, 1
1776, 1634, -93, 101, 1
1777, 1635, -93, 101, 1
1778, 1635, -93, 105, 1
1779, 1636, -93, 104, 1
1780, 1636, -93, 104, 1
1781, 1637, -94, 105, 1
1782, 1637, -93, 106, 1
1783, 1638, -93, 104, 1
1784, 1638, -93, 103, 1
1785, 1639, -92, 105, 1
1786, 1639, -93, 104, 1
1787, 1640, -92, 105, 1
1788, 1641, -93, 105, 1
1789, 1641, -93, 104, 1
1790, 1642, -93, 103, 1
1791, 1642, -94, 102, 1
1792, 1642, -93, 106, 1
1793, 1643, -94, 104, 1
1794, 1644, -94, 99, 1
1795, 1644, -93, 103, 1
1796, 1645, -93, 103, 1
1797, 1645, -93, 104, 1
1798, 1646, -93, 105, 1
1799, 1646, -93, 103, 1
1800, 1646, -93, 102, 1
1801, 1647, -93, 105, 1
1802, 1648, -93, 104, 1
1803, 1648, -93, 104, 1
1804, 1649, -94, 105, 1
1805, 1649, -94, 104, 1
1806, 1649, -94, 103, 1
1807, 1650, -94, 104, 1
1808, 1650, -94, 105, 1
1809, 1651, -92, 102, 1
1810, 1651, -93, 104, 1
1811, 1652, -93, 105, 1
1812, 1652, -93, 104, 1
1813, 1653, -93, 105, 1
1814, 1653, -92, 104, 1
1815, 1654, -93, 105, 1
1816, 1654, -93, 103, 1
1817, 1655, -93, 104, 1
1818, 1655, -93, 104, 1
1819, 1656, -94, 105, 1
1820, 1656, -94, 104, 1
1821, 1657, -94, 104, 1
1822, 1657, -94, 103, 1
1823, 1658, -94, 102, 1
1824, 1658, -93, 104, 1
1825, 1659, -93, 105, 1
1826, 1659, -93, 104, 1
1827, 1660, -93, 104, 1
1828, 1660, -93, 103, 1
1829, 1661, -93, 104, 1
1830, 1661, -93, 105, 1
1831, 1662, -94, 104, 1
1832, 1662, -93, 105, 1
1833, 1663, -93, 103, 1
1834, 1663, -93, 100, 1
1835, 1664, -93, 106, 1
1836, 1664, -93, 104, 1
1837, 1665, -94, 105, 1
1838, 1665, -94, 101, 1
1839, 1666, -94, 105, 1
1840, 1666, -94, 101, 1
1841, 1667, -94, 103, 1
1842, 1667, -94, 104, 1
1843, 1668, -94, 104, 1
1844, 1668, -94, 97, 1
1845, 1669, -95, 100, 1
1846, 1669, -94, 98, 1
1847, 1670, -94, 101, 1
1848, 1670, -94, 99, 1
1849, 1671, -93, 104, 1
1850, 1671, -93, 104, 1
1851, 1672, -94, 103, 1
1852, 1672, -93, 105, 1
1853, 1673, -94, 103, 1
1854, 1673, -93, 105, 1
1855, 1674, -93, 104, 1
1856, 1674, -93, 103, 1
1857, 1675, -93, 105, 1
1858, 1676, -94, 106, 1
1859, 1676, -94, 102, 1
1860, 1677, -92, 106, 1
1861, 1677, -93, 104, 1
1862, 1677, -93, 98, 1
1863, 1678, -93, 105, 1
1864, 1678, -92, 105, 1
1865, 1679, -93, 105, 1
1866, 1680, -93, 104, 1
1867, 1680, -93, 103, 1
1868, 1680, -93, 104, 1
1869, 1681, -94, 104, 1
1870, 1681, -93, 103, 1
1871, 1682, -94, 104, 1
1872, 1682, -93, 104, 1
1873, 1683, -93, 104, 1
1874, 1684, -93, 103, 1
1875, 1684, -93, 104, 1
1876, 1685, -93, 104, 1
1877, 1685, -93, 102, 1
1878, 1686, -94, 104, 1
1879, 1686, -94, 103, 1
1880, 1686, -94, 102, 1
1881, 1687, -94, 103, 1
1882, 1687, -95, 102, 1
1883, 1688, -94, 97, 1
1884, 1689, -93, 100, 1
1885, 1689, -93, 105, 1
1886, 1689, -94, 104, 1
1887, 1690, -95, 98, 1
1888, 1691, -95, 102, 1
1889, 1691, -94, 98, 1
1890, 1691, -94, 101, 1
1891, 1692, -94, 101, 1
1892, 1692, -95, 101, 1
1893, 1693, -96, 98, 1
1894, 1694, -95, 98, 1
1895, 1694, -95, 100, 1
1896, 1695, -95, 98, 1
1897, 1695, -96, 96, 1
1898, 1695, -95, 100, 1
1899, 1696, -95, 97, 1
1900, 1696, -94, 104, 1
1901, 1697, -94, 101, 1
1902, 1697, -94, 102, 1
1903, 1698, -94, 104, 1
1904, 1699, -93, 105, 1
1905, 1699, -93, 104, 1
1906, 1699, -93, 100, 1
1907, 1700, -93, 106, 1
1908, 1700, -94, 106, 1
1909, 1701, -94, 103, 1
1910, 1701, -93, 105, 1
1911, 1702, -93, 105, 1
1912, 1702, -93, 101, 1
1913, 1703, -94, 104, 1
1914, 1703, -94, 102, 1
1915, 1704, -93, 105, 1
1916, 1704, -94, 104, 1
1917, 1705, -96, 99, 1
1918, 1705, -94, 104, 1
1919, 1706, -93, 103, 1
1920, 1707, -95, 105, 1
1921, 1707, -96, 99, 1
1922, 1708, -93, 96, 1
1923, 1708, -94, 104, 1
1924, 1708, -94, 104, 1
1925, 1709, -93, 103, 1
1926, 1709, -93, 104, 1
1927, 1710, -91, 106, 1
1928, 1710, -91, 105, 1
1929, 1711, -93, 104, 1
1930, 1711, -92, 105, 1
1931, 1712, -91, 102, 1
1932, 1712, -92, 102, 1
1933, 1713, -92, 103, 1
1934, 1714, -91, 103, 1
1935, 1714, -91, 105, 1
1936, 1714, -91, 106, 1
