0, 448, -72, 107, 1
1, 448, -72, 107, 1
2, 449, -72, 107, 1
3, 449, -72, 107, 1
4, 450, -71, 107, 1
5, 450, -71, 106, 1
6, 451, -71, 106, 1
7, 451, -72, 107, 1
8, 452, -72, 106, 1
9, 452, -72, 107, 1
10, 453, -72, 107, 1
11, 453, -72, 108, 1
12, 454, -72, 107, 1
13, 454, -72, 107, 1
14, 455, -72, 107, 1
15, 455, -71, 107, 1
16, 456, -71, 108, 1
17, 456, -71, 107, 1
18, 457, -71, 108, 1
19, 457, -71, 107, 1
20, 458, -70, 107, 1
21, 458, -71, 107, 1
22, 459, -70, 106, 1
23, 459, -70, 106, 1
24, 460, -72, 107, 1
25, 460, -71, 107, 1
26, 461, -71, 107, 1
27, 461, -71, 107, 1
28, 462, -71, 106, 1
29, 462, -72, 107, 1
30, 463, -72, 107, 1
31, 463, -72, 107, 1
32, 464, -72, 106, 1
33, 464, -71, 106, 1
34, 465, -72, 107, 1
35, 465, -72, 107, 1
36, 466, -72, 107, 1
37, 466, -72, 107, 1
38, 467, -71, 106, 1
39, 467, -71, 107, 1
40, 468, -71, 107, 1
41, 468, -71, 107, 1
42, 469, -71, 107, 1
43, 469, -71, 107, 1
44, 470, -71, 106, 1
45, 470, -71, 107, 1
46, 471, -71, 107, 1
47, 471, -72, 107, 1
48, 472, -72, 107, 1
49, 472, -71, 107, 1
50, 473, -71, 107, 1
51, 473, -71, 106, 1
52, 474, -71, 107, 1
53, 474, -72, 107, 1
54, 475, -71, 107, 1
55, 475, -71, 107, 1
56, 476, -70, 107, 1
57, 476, -70, 108, 1
58, 477, -72, 107, 1
59, 477, -73, 108, 1
60, 478, -71, 107, 1
61, 478, -72, 107, 1
62, 479, -72, 108, 1
63, 479, -72, 107, 1
64, 480, -70, 107, 1
65, 480, -70, 108, 1
66, 481, -69, 108, 1
67, 482, -71, 107, 1
68, 482, -70, 107, 1
69, 483, -71, 107, 1
70, 483, -70, 107, 1
71, 483, -73, 107, 1
72, 484, -70, 107, 1
73, 484, -71, 107, 1
74, 485, -72, 108, 1
75, 485, -69, 107, 1
76, 486, -68, 107, 1
77, 486, -67, 107, 1
78, 487, -68, 107, 1
79, 487, -68, 107, 1
80, 488, -67, 107, 1
81, 488, -67, 107, 1
82, 489, -68, 106, 1
83, 489, -67, 107, 1
84, 490, -68, 108, 1
85, 490, -66, 107, 1
86, 491, -70, 106, 1
87, 491, -67, 107, 1
88, 492, -73, 106, 1
89, 492, -72, 107, 1
90, 493, -72, 107, 1
91, 493, -75, 107, 1
92, 494, -75, 107, 1
93, 494, -72, 107, 1
94, 495, -73, 107, 1
95, 495, -72, 107, 1
96, 496, -73, 107, 1
97, 496, -75, 107, 1
98, 497, -72, 107, 1
99, 497, -72, 107, 1
100, 498, -72, 108, 1
101, 498, -71, 107, 1
102, 499, -72, 107, 1
103, 499, -72, 107, 1
104, 500, -72, 107, 1
105, 500, -72, 107, 1
106, 501, -72, 107, 1
107, 501, -72, 106, 1
108, 502, -72, 107, 1
109, 502, -73, 107, 1
110, 503, -72, 107, 1
111, 503, -72, 107, 1
112, 504, -73, 108, 1
113, 504, -72, 107, 1
114, 505, -72, 107, 1
115, 505, -72, 107, 1
116, 506, -72, 107, 1
117, 506, -72, 106, 1
118, 507, -72, 107, 1
119, 507, -72, 107, 1
120, 508, -72, 107, 1
121, 508, -73, 107, 1
122, 509, -72, 107, 1
123, 509, -73, 107, 1
124, 510, -72, 107, 1
125, 510, -72, 107, 1
126, 511, -72, 107, 1
127, 511, -72, 107, 1
128, 512, -72, 107, 1
129, 512, -72, 107, 1
130, 513, -72, 107, 1
131, 513, -73, 107, 1
132, 514, -74, 108, 1
133, 514, -74, 108, 1
134, 515, -73, 107, 1
135, 515, -73, 107, 1
136, 516, -73, 108, 1
137, 516, -73, 107, 1
138, 517, -73, 107, 1
139, 517, -72, 107, 1
140, 518, -72, 107, 1
141, 518, -71, 107, 1
142, 519, -71, 104, 1
143, 519, -73, 108, 1
144, 520, -72, 108, 1
145, 520, -72, 107, 1
146, 521, -72, 107, 1
147, 521, -72, 108, 1
148, 522, -72, 108, 1
149, 522, -72, 107, 1
150, 523, -73, 107, 1
151, 523, -72, 108, 1
152, 524, -72, 108, 1
153, 524, -69, 107, 1
154, 525, -69, 108, 1
155, 525, -72, 107, 1
156, 526, -72, 107, 1
157, 526, -74, 107, 1
158, 527, -74, 107, 1
159, 527, -72, 107, 1
160, 528, -73, 107, 1
161, 528, -72, 107, 1
162, 529, -72, 107, 1
163, 529, -72, 107, 1
164, 530, -72, 107, 1
165, 530, -72, 107, 1
166, 531, -71, 107, 1
167, 531, -71, 107, 1
168, 532, -72, 107, 1
169, 532, -72, 107, 1
170, 533, -75, 108, 1
171, 533, -75, 107, 1
172, 534, -75, 108, 1
173, 534, -75, 107, 1
174, 535, -76, 107, 1
175, 535, -75, 107, 1
176, 536, -75, 107, 1
177, 536, -75, 108, 1
178, 537, -75, 107, 1
179, 537, -75, 107, 1
180, 538, -72, 107, 1
181, 538, -69, 107, 1
182, 539, -71, 107, 1
183, 539, -72, 107, 1
184, 540, -73, 107, 1
185, 540, -71, 107, 1
186, 541, -73, 107, 1
187, 542, -71, 108, 1
188, 542, -73, 107, 1
189, 542, -71, 107, 1
190, 543, -70, 107, 1
191, 543, -71, 107, 1
192, 544, -73, 106, 1
193, 545, -69, 107, 1
194, 545, -71, 108, 1
195, 545, -73, 107, 1
196, 546, -74, 107, 1
197, 546, -72, 107, 1
198, 547, -72, 108, 1
199, 547, -72, 107, 1
200, 548, -72, 106, 1
201, 548, -73, 108, 1
202, 549, -73, 107, 1
203, 549, -73, 106, 1
204, 550, -72, 107, 1
205, 550, -73, 107, 1
206, 551, -73, 108, 1
207, 551, -73, 107, 1
208, 552, -72, 107, 1
209, 552, -72, 108, 1
210, 553, -72, 107, 1
211, 553, -71, 107, 1
212, 554, -73, 107, 1
213, 554, -71, 108, 1
214, 555, -73, 107, 1
215, 555, -72, 108, 1
216, 556, -72, 107, 1
217, 556, -72, 107, 1
218, 557, -72, 108, 1
219, 557, -72, 107, 1
220, 558, -71, 108, 1
221, 558, -70, 108, 1
222, 559, -70, 108, 1
223, 559, -71, 108, 1
224, 560, -72, 107, 1
225, 560, -71, 107, 1
226, 561, -72, 107, 1
227, 561, -71, 108, 1
228, 562, -73, 108, 1
229, 562, -73, 108, 1
230, 563, -72, 108, 1
231, 563, -70, 108, 1
232, 564, -70, 108, 1
233, 564, -71, 108, 1
234, 565, -70, 107, 1
235, 565, -71, 107, 1
236, 566, -71, 108, 1
237, 566, -72, 108, 1
238, 567, -73, 108, 1
239, 567, -74, 108, 1
240, 568, -73, 108, 1
241, 568, -73, 107, 1
242, 569, -73, 108, 1
243, 569, -72, 107, 1
244, 570, -73, 108, 1
245, 570, -73, 108, 1
246, 571, -72, 107, 1
247, 571, -73, 108, 1
248, 572, -72, 108, 1
249, 572, -72, 107, 1
250, 573, -73, 107, 1
251, 573, -75, 108, 1
252, 574, -74, 107, 1
253, 574, -73, 108, 1
254, 575, -72, 108, 1
255, 575, -73, 108, 1
256, 576, -73, 107, 1
257, 576, -73, 106, 1
258, 577, -74, 108, 1
259, 577, -73, 108, 1
260, 578, -73, 108, 1
261, 578, -73, 108, 1
262, 579, -74, 107, 1
263, 579, -74, 108, 1
264, 580, -72, 107, 1
265, 580, -73, 107, 1
266, 581, -72, 108, 1
267, 581, -73, 107, 1
268, 582, -72, 107, 1
269, 582, -72, 107, 1
270, 583, -72, 107, 1
271, 583, -73, 108, 1
272, 584, -73, 108, 1
273, 584, -73, 107, 1
274, 585, -74, 107, 1
275, 585, -73, 106, 1
276, 586, -75, 108, 1
277, 586, -75, 107, 1
278, 587, -75, 107, 1
279, 587, -73, 108, 1
280, 588, -72, 107, 1
281, 588, -72, 107, 1
282, 589, -72, 107, 1
283, 589, -72, 107, 1
284, 590, -73, 107, 1
285, 590, -74, 107, 1
286, 591, -73, 106, 1
287, 591, -74, 108, 1
288, 592, -76, 107, 1
289, 592, -75, 107, 1
290, 593, -77, 106, 1
291, 593, -75, 108, 1
292, 594, -75, 108, 1
293, 594, -74, 107, 1
294, 595, -75, 107, 1
295, 595, -74, 108, 1
296, 596, -73, 107, 1
297, 596, -73, 107, 1
298, 597, -73, 108, 1
299, 597, -74, 107, 1
300, 598, -74, 107, 1
301, 598, -71, 107, 1
302, 599, -71, 108, 1
303, 599, -71, 108, 1
304, 600, -73, 107, 1
305, 600, -73, 108, 1
306, 601, -71, 107, 1
307, 601, -72, 107, 1
308, 602, -70, 107, 1
309, 602, -71, 107, 1
310, 603, -72, 106, 1
311, 603, -71, 107, 1
312, 604, -72, 107, 1
313, 604, -72, 107, 1
314, 605, -71, 107, 1
315, 605, -71, 107, 1
316, 606, -70, 107, 1
317, 606, -70, 107, 1
318, 607, -71, 107, 1
319, 607, -70, 107, 1
320, 608, -71, 107, 1
321, 608, -71, 107, 1
322, 609, -71, 107, 1
323, 609, -72, 107, 1
324, 610, -71, 107, 1
325, 610, -70, 108, 1
326, 611, -70, 107, 1
327, 612, -72, 108, 1
328, 612, -72, 107, 1
329, 612, -73, 107, 1
330, 613, -73, 107, 1
331, 613, -72, 108, 1
332, 614, -71, 107, 1
333, 614, -72, 108, 1
334, 615, -74, 107, 1
335, 615, -72, 107, 1
336, 616, -74, 108, 1
337, 616, -74, 107, 1
338, 617, -74, 108, 1
339, 617, -75, 107, 1
340, 618, -74, 107, 1
341, 618, -73, 108, 1
342, 619, -75, 108, 1
343, 619, -73, 106, 1
344, 620, -73, 107, 1
345, 620, -73, 107, 1
346, 621, -73, 107, 1
347, 621, -75, 107, 1
348, 622, -75, 107, 1
349, 622, -74, 106, 1
350, 623, -72, 107, 1
351, 623, -72, 107, 1
352, 624, -73, 107, 1
353, 624, -72, 107, 1
354, 625, -73, 107, 1
355, 625, -72, 108, 1
356, 626, -72, 106, 1
357, 626, -71, 107, 1
358, 627, -70, 107, 1
359, 627, -71, 107, 1
360, 628, -70, 107, 1
361, 628, -71, 108, 1
362, 629, -72, 107, 1
363, 629, -71, 107, 1
364, 630, -71, 107, 1
365, 630, -72, 107, 1
366, 631, -72, 107, 1
367, 631, -73, 107, 1
368, 632, -72, 107, 1
369, 632, -73, 106, 1
370, 633, -70, 106, 1
371, 634, -70, 107, 1
372, 634, -71, 107, 1
373, 634, -71, 107, 1
374, 635, -71, 106, 1
375, 635, -71, 107, 1
376, 636, -70, 107, 1
377, 636, -70, 107, 1
378, 637, -70, 107, 1
379, 637, -69, 107, 1
380, 638, -70, 107, 1
381, 638, -69, 108, 1
382, 639, -70, 107, 1
383, 639, -70, 107, 1
384, 640, -70, 108, 1
385, 640, -70, 106, 1
386, 641, -71, 107, 1
387, 641, -72, 107, 1
388, 642, -71, 107, 1
389, 642, -70, 107, 1
390, 643, -72, 106, 1
391, 643, -72, 107, 1
392, 644, -71, 107, 1
393, 644, -72, 108, 1
394, 645, -71, 107, 1
395, 645, -70, 107, 1
396, 646, -72, 108, 1
397, 646, -70, 108, 1
398, 647, -73, 106, 1
399, 647, -71, 107, 1
400, 648, -72, 108, 1
401, 648, -72, 107, 1
402, 649, -73, 108, 1
403, 649, -73, 107, 1
404, 650, -70, 106, 1
405, 650, -70, 108, 1
406, 651, -70, 107, 1
407, 651, -70, 107, 1
408, 652, -71, 108, 1
409, 652, -70, 107, 1
410, 653, -70, 107, 1
411, 653, -71, 107, 1
412, 654, -70, 107, 1
413, 654, -71, 107, 1
414, 655, -71, 107, 1
415, 655, -71, 107, 1
416, 656, -71, 106, 1
417, 656, -71, 106, 1
418, 657, -71, 107, 1
419, 657, -71, 107, 1
420, 658, -70, 107, 1
421, 658, -70, 106, 1
422, 659, -70, 106, 1
423, 659, -70, 107, 1
424, 660, -70, 107, 1
425, 660, -72, 107, 1
426, 661, -70, 107, 1
427, 662, -70, 108, 1
428, 662, -71, 107, 1
429, 662, -70, 107, 1
430, 663, -71, 107, 1
431, 663, -70, 107, 1
432, 664, -71, 107, 1
433, 664, -73, 107, 1
434, 665, -73, 108, 1
435, 665, -73, 107, 1
436, 666, -75, 107, 1
437, 666, -74, 107, 1
438, 667, -75, 107, 1
439, 667, -75, 107, 1
440, 668, -75, 106, 1
441, 668, -72, 107, 1
442, 669, -71, 107, 1
443, 669, -71, 107, 1
444, 670, -72, 108, 1
445, 670, -73, 108, 1
446, 671, -73, 108, 1
447, 671, -73, 107, 1
448, 672, -72, 107, 1
449, 672, -71, 108, 1
450, 673, -70, 107, 1
451, 673, -71, 108, 1
452, 674, -71, 108, 1
453, 674, -73, 108, 1
454, 675, -72, 107, 1
455, 675, -72, 108, 1
456, 676, -71, 107, 1
457, 676, -72, 107, 1
458, 677, -72, 107, 1
459, 677, -72, 107, 1
460, 678, -72, 107, 1
461, 678, -70, 107, 1
462, 679, -72, 108, 1
463, 679, -72, 106, 1
464, 680, -71, 107, 1
465, 680, -72, 108, 1
466, 681, -71, 107, 1
467, 681, -70, 107, 1
468, 682, -70, 107, 1
469, 682, -70, 107, 1
470, 683, -70, 107, 1
471, 683, -69, 107, 1
472, 684, -70, 108, 1
473, 684, -71, 108, 1
474, 685, -72, 107, 1
475, 685, -72, 107, 1
476, 686, -72, 108, 1
477, 686, -71, 107, 1
478, 687, -71, 107, 1
479, 687, -71, 108, 1
480, 688, -70, 108, 1
481, 688, -71, 107, 1
482, 689, -71, 107, 1
483, 690, -71, 107, 1
484, 690, -72, 107, 1
485, 690, -71, 108, 1
486, 691, -72, 106, 1
487, 691, -72, 107, 1
488, 692, -72, 107, 1
489, 692, -72, 107, 1
490, 693, -72, 108, 1
491, 693, -73, 107, 1
492, 694, -73, 107, 1
493, 694, -73, 107, 1
494, 695, -73, 107, 1
495, 695, -73, 107, 1
496, 696, -72, 107, 1
497, 696, -72, 107, 1
498, 697, -72, 107, 1
499, 697, -72, 107, 1
500, 698, -72, 107, 1
501, 698, -72, 107, 1
502, 699, -72, 107, 1
503, 699, -71, 107, 1
504, 700, -74, 108, 1
505, 700, -72, 108, 1
506, 701, -71, 107, 1
507, 701, -71, 107, 1
508, 702, -73, 108, 1
509, 702, -70, 107, 1
510, 703, -72, 108, 1
511, 703, -71, 107, 1
512, 704, -72, 106, 1
513, 704, -73, 107, 1
514, 705, -72, 106, 1
515, 705, -72, 107, 1
516, 706, -71, 107, 1
517, 706, -72, 107, 1
518, 707, -72, 107, 1
519, 707, -71, 107, 1
520, 708, -69, 107, 1
521, 708, -70, 107, 1
522, 709, -71, 108, 1
523, 709, -71, 107, 1
524, 710, -70, 107, 1
525, 710, -70, 108, 1
526, 711, -70, 107, 1
527, 711, -70, 107, 1
528, 712, -70, 108, 1
529, 712, -71, 107, 1
530, 713, -70, 106, 1
531, 713, -71, 107, 1
532, 714, -70, 108, 1
533, 714, -70, 107, 1
534, 715, -70, 106, 1
535, 715, -70, 107, 1
536, 716, -70, 106, 1
537, 716, -70, 107, 1
538, 717, -70, 107, 1
539, 717, -70, 107, 1
540, 718, -70, 107, 1
541, 718, -71, 107, 1
542, 719, -71, 108, 1
543, 719, -70, 107, 1
544, 720, -69, 107, 1
545, 720, -70, 108, 1
546, 721, -72, 108, 1
547, 722, -70, 108, 1
548, 722, -70, 108, 1
549, 722, -69, 108, 1
550, 723, -70, 108, 1
551, 723, -71, 107, 1
552, 724, -72, 107, 1
553, 724, -72, 107, 1
554, 725, -72, 107, 1
555, 725, -73, 108, 1
556, 726, -73, 108, 1
557, 726, -72, 107, 1
558, 727, -73, 108, 1
559, 727, -72, 108, 1
560, 728, -72, 108, 1
561, 728, -72, 108, 1
562, 729, -72, 107, 1
563, 729, -74, 107, 1
564, 730, -72, 107, 1
565, 730, -71, 107, 1
566, 731, -72, 107, 1
567, 732, -72, 108, 1
568, 732, -72, 108, 1
569, 732, -71, 107, 1
570, 733, -72, 107, 1
571, 733, -72, 107, 1
572, 734, -72, 106, 1
573, 734, -72, 107, 1
574, 735, -73, 107, 1
575, 735, -74, 108, 1
576, 736, -74, 107, 1
577, 736, -72, 107, 1
578, 737, -74, 108, 1
579, 737, -73, 108, 1
580, 738, -74, 107, 1
581, 738, -74, 107, 1
582, 739, -73, 107, 1
583, 739, -75, 107, 1
584, 740, -75, 106, 1
585, 740, -74, 107, 1
586, 741, -72, 107, 1
587, 741, -73, 107, 1
588, 742, -75, 108, 1
589, 742, -74, 107, 1
590, 743, -73, 107, 1
591, 743, -73, 107, 1
592, 744, -74, 108, 1
593, 744, -73, 108, 1
594, 745, -74, 107, 1
595, 745, -73, 108, 1
596, 746, -74, 107, 1
597, 746, -74, 107, 1
598, 747, -74, 107, 1
599, 747, -73, 107, 1
600, 748, -73, 107, 1
601, 748, -73, 106, 1
602, 749, -72, 106, 1
603, 749, -73, 108, 1
604, 750, -72, 106, 1
605, 750, -72, 108, 1
606, 751, -73, 106, 1
607, 751, -74, 107, 1
608, 752, -72, 107, 1
609, 752, -72, 106, 1
610, 753, -73, 106, 1
611, 754, -75, 107, 1
612, 754, -74, 107, 1
613, 754, -72, 107, 1
614, 755, -72, 107, 1
615, 755, -74, 107, 1
616, 756, -72, 107, 1
617, 756, -71, 108, 1
618, 757, -73, 107, 1
619, 757, -72, 107, 1
620, 758, -72, 108, 1
621, 758, -73, 108, 1
622, 759, -72, 107, 1
623, 759, -72, 107, 1
624, 760, -72, 106, 1
625, 760, -72, 107, 1
626, 761, -73, 108, 1
627, 761, -74, 107, 1
628, 762, -74, 107, 1
629, 762, -74, 108, 1
630, 763, -73, 108, 1
631, 763, -73, 108, 1
632, 764, -73, 108, 1
633, 764, -73, 108, 1
634, 765, -74, 108, 1
635, 765, -73, 107, 1
636, 766, -73, 108, 1
637, 766, -73, 107, 1
638, 767, -72, 107, 1
639, 767, -72, 107, 1
640, 768, -74, 107, 1
641, 768, -74, 108, 1
642, 769, -73, 107, 1
643, 769, -72, 107, 1
644, 770, -72, 107, 1
645, 770, -73, 107, 1
646, 771, -73, 107, 1
647, 771, -72, 106, 1
648, 772, -72, 106, 1
649, 772, -73, 108, 1
650, 773, -72, 108, 1
651, 773, -70, 107, 1
652, 774, -69, 107, 1
653, 774, -72, 108, 1
654, 775, -73, 108, 1
655, 775, -72, 107, 1
656, 776, -71, 108, 1
657, 776, -71, 107, 1
658, 777, -74, 107, 1
659, 777, -72, 107, 1
660, 778, -72, 107, 1
661, 778, -72, 107, 1
662, 779, -72, 107, 1
663, 779, -72, 107, 1
664, 780, -72, 108, 1
665, 780, -72, 108, 1
666, 781, -71, 107, 1
667, 781, -70, 106, 1
668, 782, -72, 107, 1
669, 782, -72, 107, 1
670, 783, -72, 108, 1
671, 783, -72, 108, 1
672, 784, -73, 107, 1
673, 784, -72, 107, 1
674, 785, -71, 107, 1
675, 785, -71, 108, 1
676, 786, -72, 107, 1
677, 786, -72, 108, 1
678, 787, -72, 104, 1
679, 787, -71, 106, 1
680, 788, -73, 108, 1
681, 788, -71, 106, 1
682, 789, -71, 107, 1
683, 789, -71, 106, 1
684, 790, -71, 106, 1
685, 790, -70, 108, 1
686, 791, -69, 107, 1
687, 791, -69, 107, 1
688, 792, -69, 106, 1
689, 792, -70, 107, 1
690, 793, -71, 108, 1
691, 793, -71, 106, 1
692, 794, -70, 107, 1
693, 794, -71, 107, 1
694, 795, -71, 106, 1
695, 795, -72, 107, 1
696, 796, -71, 106, 1
697, 796, -72, 107, 1
698, 797, -72, 107, 1
699, 797, -73, 107, 1
700, 798, -72, 107, 1
701, 799, -70, 107, 1
702, 799, -72, 108, 1
703, 799, -71, 107, 1
704, 800, -72, 107, 1
705, 800, -71, 107, 1
706, 801, -72, 108, 1
707, 801, -71, 107, 1
708, 802, -73, 107, 1
709, 802, -73, 107, 1
710, 803, -73, 107, 1
711, 803, -73, 106, 1
712, 804, -73, 107, 1
713, 804, -73, 107, 1
714, 805, -73, 107, 1
715, 805, -73, 107, 1
716, 806, -72, 107, 1
717, 806, -71, 107, 1
718, 807, -72, 107, 1
719, 807, -71, 108, 1
720, 808, -71, 107, 1
721, 808, -70, 107, 1
722, 809, -71, 107, 1
723, 809, -71, 108, 1
724, 810, -72, 108, 1
725, 810, -72, 107, 1
726, 811, -72, 108, 1
727, 811, -72, 107, 1
728, 812, -71, 108, 1
729, 812, -70, 107, 1
730, 813, -70, 107, 1
731, 813, -69, 107, 1
732, 814, -69, 107, 1
733, 814, -69, 107, 1
734, 815, -69, 107, 1
735, 815, -69, 107, 1
736, 816, -69, 106, 1
737, 816, -69, 107, 1
738, 817, -69, 107, 1
739, 817, -70, 108, 1
740, 818, -70, 107, 1
741, 818, -71, 107, 1
742, 819, -69, 107, 1
743, 819, -70, 108, 1
744, 820, -70, 107, 1
745, 820, -69, 108, 1
746, 821, -69, 106, 1
747, 821, -69, 107, 1
748, 822, -69, 108, 1
749, 822, -69, 107, 1
750, 823, -69, 107, 1
751, 823, -69, 107, 1
752, 824, -70, 107, 1
753, 824, -69, 108, 1
754, 825, -70, 108, 1
755, 825, -69, 108, 1
756, 826, -69, 107, 1
757, 826, -70, 107, 1
758, 827, -69, 107, 1
759, 827, -69, 107, 1
760, 828, -69, 107, 1
761, 828, -69, 108, 1
762, 829, -70, 106, 1
763, 829, -70, 106, 1
764, 830, -70, 106, 1
765, 830, -71, 105, 1
766, 831, -70, 107, 1
767, 832, -67, 106, 1
768, 832, -67, 107, 1
769, 832, -66, 107, 1
770, 833, -66, 106, 1
771, 833, -66, 107, 1
772, 834, -66, 106, 1
773, 834, -66, 108, 1
774, 835, -67, 108, 1
775, 835, -66, 107, 1
776, 836, -66, 107, 1
777, 836, -66, 107, 1
778, 837, -67, 108, 1
779, 837, -67, 107, 1
780, 838, -68, 107, 1
781, 838, -67, 106, 1
782, 839, -67, 107, 1
783, 839, -67, 108, 1
784, 840, -68, 108, 1
785, 840, -67, 107, 1
786, 841, -67, 107, 1
787, 841, -66, 107, 1
788, 842, -67, 107, 1
789, 842, -66, 107, 1
790, 843, -67, 107, 1
791, 843, -67, 107, 1
792, 844, -66, 107, 1
793, 844, -66, 108, 1
794, 845, -66, 108, 1
795, 845, -66, 107, 1
796, 846, -66, 106, 1
797, 846, -67, 107, 1
798, 847, -66, 107, 1
799, 847, -67, 108, 1
800, 848, -67, 107, 1
801, 848, -66, 106, 1
802, 849, -67, 107, 1
803, 849, -67, 107, 1
804, 850, -67, 107, 1
805, 850, -67, 108, 1
806, 851, -67, 108, 1
807, 851, -67, 107, 1
808, 852, -67, 107, 1
809, 852, -66, 107, 1
810, 853, -66, 107, 1
811, 853, -67, 107, 1
812, 854, -66, 107, 1
813, 854, -66, 107, 1
814, 855, -66, 107, 1
815, 855, -66, 107, 1
816, 856, -66, 107, 1
817, 856, -66, 107, 1
818, 857, -66, 107, 1
819, 857, -66, 107, 1
820, 858, -67, 107, 1
821, 858, -66, 107, 1
822, 859, -67, 107, 1
823, 859, -66, 106, 1
824, 860, -66, 108, 1
825, 860, -66, 107, 1
826, 861, -66, 107, 1
827, 861, -67, 107, 1
828, 862, -67, 107, 1
829, 862, -67, 107, 1
830, 863, -67, 107, 1
831, 863, -67, 108, 1
832, 864, -67, 107, 1
833, 864, -67, 107, 1
834, 865, -67, 107, 1
835, 865, -67, 107, 1
836, 866, -67, 107, 1
837, 866, -66, 108, 1
838, 867, -66, 107, 1
839, 867, -67, 107, 1
840, 868, -67, 107, 1
841, 868, -67, 107, 1
842, 869, -67, 107, 1
843, 869, -67, 107, 1
844, 870, -66, 108, 1
845, 871, -67, 107, 1
846, 871, -67, 107, 1
847, 871, -67, 108, 1
848, 872, -67, 107, 1
849, 872, -66, 107, 1
850, 873, -67, 107, 1
851, 874, -67, 108, 1
852, 874, -67, 108, 1
853, 874, -66, 107, 1
854, 875, -67, 108, 1
855, 875, -67, 108, 1
856, 876, -67, 107, 1
857, 876, -67, 107, 1
858, 877, -67, 107, 1
859, 877, -67, 107, 1
860, 878, -67, 107, 1
861, 878, -67, 108, 1
862, 879, -67, 106, 1
863, 879, -67, 107, 1
864, 880, -67, 108, 1
865, 880, -66, 107, 1
866, 881, -67, 107, 1
867, 881, -67, 107, 1
868, 882, -66, 108, 1
869, 882, -67, 108, 1
870, 883, -67, 107, 1
871, 883, -67, 107, 1
872, 884, -67, 107, 1
873, 884, -67, 107, 1
874, 885, -67, 107, 1
875, 885, -67, 107, 1
876, 886, -67, 108, 1
877, 886, -67, 107, 1
878, 887, -69, 107, 1
879, 887, -69, 108, 1
880, 888, -69, 107, 1
881, 888, -70, 108, 1
882, 889, -68, 107, 1
883, 889, -67, 107, 1
884, 890, -68, 107, 1
885, 890, -69, 107, 1
886, 891, -68, 107, 1
887, 891, -68, 107, 1
888, 892, -70, 108, 1
889, 892, -69, 107, 1
890, 893, -69, 107, 1
891, 893, -69, 107, 1
892, 894, -69, 107, 1
893, 894, -69, 108, 1
894, 895, -70, 108, 1
895, 895, -68, 107, 1
896, 896, -67, 107, 1
897, 896, -70, 107, 1
898, 897, -70, 108, 1
899, 897, -70, 107, 1
900, 898, -69, 107, 1
901, 898, -70, 108, 1
902, 899, -69, 107, 1
903, 899, -69, 107, 1
904, 900, -70, 108, 1
905, 900, -69, 107, 1
906, 901, -69, 107, 1
907, 902, -70, 108, 1
908, 902, -70, 108, 1
909, 902, -69, 106, 1
910, 903, -70, 107, 1
911, 904, -70, 108, 1
912, 904, -70, 107, 1
913, 904, -69, 107, 1
914, 905, -70, 107, 1
915, 905, -69, 107, 1
916, 906, -69, 107, 1
917, 906, -69, 107, 1
918, 907, -69, 107, 1
919, 907, -70, 107, 1
920, 908, -70, 107, 1
921, 908, -69, 107, 1
922, 909, -71, 107, 1
923, 909, -70, 107, 1
924, 910, -68, 107, 1
925, 910, -69, 107, 1
926, 911, -69, 108, 1
927, 911, -68, 107, 1
928, 912, -68, 107, 1
929, 912, -67, 107, 1
930, 913, -68, 108, 1
931, 913, -68, 107, 1
932, 914, -67, 108, 1
933, 914, -67, 106, 1
934, 915, -68, 108, 1
935, 915, -68, 107, 1
936, 916, -69, 107, 1
937, 916, -68, 107, 1
938, 917, -68, 108, 1
939, 917, -68, 107, 1
940, 918, -69, 107, 1
941, 918, -68, 108, 1
942, 919, -69, 107, 1
943, 919, -69, 108, 1
944, 920, -69, 108, 1
945, 920, -67, 107, 1
946, 921, -71, 108, 1
947, 921, -69, 108, 1
948, 922, -67, 107, 1
949, 922, -67, 107, 1
950, 923, -68, 107, 1
951, 923, -68, 107, 1
952, 924, -66, 108, 1
953, 924, -66, 108, 1
954, 925, -66, 107, 1
955, 925, -66, 107, 1
956, 926, -68, 108, 1
957, 926, -69, 107, 1
958, 927, -66, 107, 1
959, 927, -66, 108, 1
960, 928, -67, 107, 1
961, 928, -67, 108, 1
962, 929, -67, 107, 1
963, 929, -67, 108, 1
964, 930, -68, 107, 1
965, 930, -69, 107, 1
966, 931, -69, 89, 1
967, 931, -68, 107, 1
968, 932, -69, 107, 1
969, 932, -69, 107, 1
970, 933, -69, 107, 1
971, 934, -69, 107, 1
972, 934, -69, 108, 1
973, 934, -68, 108, 1
974, 935, -67, 108, 1
975, 935, -67, 107, 1
976, 936, -69, 108, 1
977, 936, -67, 107, 1
978, 937, -67, 107, 1
979, 937, -67, 107, 1
980, 938, -68, 108, 1
981, 939, -67, 105, 1
982, 939, -68, 106, 1
983, 939, -69, 107, 1
984, 940, -69, 107, 1
985, 940, -69, 107, 1
986, 941, -68, 108, 1
987, 941, -67, 107, 1
988, 942, -68, 107, 1
989, 942, -67, 108, 1
990, 943, -67, 108, 1
991, 943, -68, 108, 1
992, 944, -69, 107, 1
993, 944, -69, 107, 1
994, 945, -68, 106, 1
995, 945, -68, 108, 1
996, 946, -67, 108, 1
997, 946, -67, 107, 1
998, 947, -67, 106, 1
999, 947, -67, 106, 1
1000, 948, -67, 107, 1
1001, 949, -67, 107, 1
1002, 949, -67, 107, 1
1003, 949, -67, 108, 1
1004, 950, -67, 108, 1
1005, 950, -67, 107, 1
1006, 951, -67, 107, 1
1007, 951, -67, 107, 1
1008, 952, -67, 107, 1
1009, 952, -67, 107, 1
1010, 953, -67, 108, 1
1011, 954, -67, 107, 1
1012, 954, -66, 106, 1
1013, 954, -67, 106, 1
1014, 955, -66, 107, 1
1015, 955, -66, 107, 1
1016, 956, -66, 107, 1
1017, 956, -66, 107, 1
1018, 957, -66, 108, 1
1019, 957, -67, 106, 1
1020, 958, -67, 108, 1
1021, 958, -68, 107, 1
1022, 959, -68, 107, 1
1023, 959, -68, 107, 1
1024, 960, -69, 108, 1
1025, 960, -69, 107, 1
1026, 961, -69, 107, 1
1027, 962, -70, 107, 1
1028, 962, -70, 108, 1
1029, 962, -68, 107, 1
1030, 963, -70, 108, 1
1031, 963, -69, 107, 1
1032, 964, -67, 106, 1
1033, 964, -68, 107, 1
1034, 965, -69, 106, 1
1035, 965, -70, 108, 1
1036, 966, -70, 108, 1
1037, 966, -70, 108, 1
1038, 967, -69, 107, 1
1039, 967, -69, 108, 1
1040, 968, -69, 107, 1
1041, 968, -71, 107, 1
1042, 969, -70, 108, 1
1043, 969, -69, 107, 1
1044, 970, -69, 108, 1
1045, 970, -69, 107, 1
1046, 971, -68, 106, 1
1047, 971, -68, 108, 1
1048, 972, -69, 107, 1
1049, 972, -69, 108, 1
1050, 973, -69, 108, 1
1051, 973, -69, 107, 1
1052, 974, -69, 107, 1
1053, 974, -68, 106, 1
1054, 975, -69, 107, 1
1055, 975, -69, 107, 1
1056, 976, -68, 107, 1
1057, 976, -68, 107, 1
1058, 977, -68, 107, 1
1059, 977, -68, 107, 1
1060, 978, -68, 107, 1
1061, 978, -68, 107, 1
1062, 979, -68, 107, 1
1063, 979, -68, 107, 1
1064, 980, -68, 107, 1
1065, 980, -68, 107, 1
1066, 981, -67, 108, 1
1067, 981, -68, 107, 1
1068, 982, -68, 107, 1
1069, 982, -69, 107, 1
1070, 983, -69, 107, 1
1071, 983, -70, 108, 1
1072, 984, -72, 107, 1
1073, 984, -70, 108, 1
1074, 985, -70, 108, 1
1075, 985, -71, 108, 1
1076, 986, -70, 106, 1
1077, 986, -69, 108, 1
1078, 987, -70, 108, 1
1079, 987, -70, 108, 1
1080, 988, -69, 107, 1
1081, 988, -70, 107, 1
1082, 989, -69, 108, 1
1083, 989, -68, 107, 1
1084, 990, -70, 106, 1
1085, 990, -69, 106, 1
1086, 991, -68, 107, 1
1087, 991, -69, 107, 1
1088, 992, -69, 107, 1
1089, 992, -69, 108, 1
1090, 993, -68, 107, 1
1091, 994, -70, 108, 1
1092, 994, -69, 107, 1
1093, 994, -69, 107, 1
1094, 995, -69, 107, 1
1095, 995, -70, 107, 1
1096, 996, -71, 108, 1
1097, 996, -71, 108, 1
1098, 997, -70, 107, 1
1099, 997, -70, 107, 1
1100, 998, -69, 107, 1
1101, 998, -70, 108, 1
1102, 999, -70, 107, 1
1103, 999, -70, 107, 1
1104, 1000, -69, 107, 1
1105, 1000, -69, 107, 1
1106, 1001, -69, 108, 1
1107, 1001, -69, 108, 1
1108, 1002, -68, 107, 1
1109, 1002, -68, 107, 1
1110, 1003, -70, 107, 1
1111, 1003, -70, 108, 1
1112, 1004, -70, 107, 1
1113, 1004, -69, 108, 1
1114, 1005, -69, 107, 1
1115, 1005, -70, 108, 1
1116, 1006, -69, 107, 1
1117, 1006, -68, 108, 1
1118, 1007, -70, 107, 1
1119, 1007, -71, 108, 1
1120, 1008, -70, 108, 1
1121, 1008, -70, 108, 1
1122, 1009, -67, 107, 1
1123, 1009, -68, 108, 1
1124, 1010, -71, 107, 1
1125, 1010, -70, 107, 1
1126, 1011, -70, 107, 1
1127, 1011, -69, 108, 1
1128, 1012, -69, 108, 1
1129, 1012, -67, 107, 1
1130, 1013, -68, 108, 1
1131, 1013, -68, 106, 1
1132, 1014, -67, 107, 1
1133, 1014, -68, 107, 1
1134, 1015, -68, 107, 1
1135, 1015, -69, 107, 1
1136, 1016, -70, 107, 1
1137, 1017, -69, 108, 1
1138, 1017, -68, 108, 1
1139, 1017, -68, 108, 1
1140, 1018, -69, 107, 1
1141, 1018, -68, 107, 1
1142, 1019, -69, 107, 1
1143, 1019, -70, 107, 1
1144, 1020, -67, 107, 1
1145, 1020, -66, 107, 1
1146, 1021, -68, 107, 1
1147, 1022, -70, 106, 1
1148, 1022, -70, 106, 1
1149, 1022, -69, 106, 1
1150, 1023, -68, 107, 1
1151, 1023, -70, 107, 1
1152, 1024, -69, 107, 1
1153, 1024, -67, 107, 1
1154, 1025, -70, 107, 1
1155, 1025, -69, 107, 1
1156, 1026, -68, 108, 1
1157, 1026, -75, 108, 1
1158, 1027, -67, 108, 1
1159, 1027, -66, 107, 1
1160, 1028, -65, 107, 1
1161, 1028, -66, 108, 1
1162, 1029, -66, 107, 1
1163, 1029, -68, 107, 1
1164, 1030, -66, 108, 1
1165, 1030, -66, 108, 1
1166, 1031, -65, 107, 1
1167, 1031, -68, 107, 1
1168, 1032, -67, 108, 1
1169, 1032, -67, 108, 1
1170, 1033, -66, 108, 1
1171, 1033, -67, 107, 1
1172, 1034, -67, 108, 1
1173, 1034, -68, 107, 1
1174, 1035, -68, 108, 1
1175, 1035, -68, 108, 1
1176, 1036, -67, 107, 1
1177, 1036, -67, 107, 1
1178, 1037, -67, 107, 1
1179, 1037, -67, 108, 1
1180, 1038, -67, 107, 1
1181, 1038, -69, 107, 1
1182, 1039, -67, 108, 1
1183, 1039, -68, 108, 1
1184, 1040, -67, 107, 1
1185, 1040, -67, 107, 1
1186, 1041, -67, 108, 1
1187, 1041, -68, 108, 1
1188, 1042, -67, 107, 1
1189, 1042, -68, 107, 1
1190, 1043, -69, 107, 1
1191, 1043, -68, 107, 1
1192, 1044, -67, 107, 1
1193, 1044, -69, 107, 1
1194, 1045, -69, 107, 1
1195, 1045, -68, 107, 1
1196, 1046, -69, 108, 1
1197, 1047, -69, 108, 1
1198, 1047, -69, 107, 1
1199, 1047, -70, 108, 1
1200, 1048, -71, 108, 1
1201, 1048, -69, 107, 1
1202, 1049, -68, 107, 1
1203, 1049, -69, 107, 1
1204, 1050, -69, 107, 1
1205, 1050, -69, 106, 1
1206, 1051, -69, 108, 1
1207, 1052, -70, 107, 1
1208, 1052, -70, 107, 1
1209, 1052, -69, 107, 1
1210, 1053, -69, 108, 1
1211, 1053, -69, 107, 1
1212, 1054, -68, 107, 1
1213, 1054, -70, 107, 1
1214, 1055, -70, 107, 1
1215, 1055, -69, 108, 1
1216, 1056, -69, 106, 1
1217, 1056, -69, 107, 1
1218, 1057, -69, 107, 1
1219, 1057, -68, 108, 1
1220, 1058, -68, 107, 1
1221, 1058, -68, 107, 1
1222, 1059, -67, 108, 1
1223, 1059, -67, 107, 1
1224, 1060, -67, 108, 1
1225, 1060, -67, 107, 1
1226, 1061, -67, 107, 1
1227, 1061, -68, 107, 1
1228, 1062, -68, 107, 1
1229, 1062, -69, 107, 1
1230, 1063, -69, 107, 1
1231, 1063, -68, 108, 1
1232, 1064, -67, 108, 1
1233, 1064, -66, 107, 1
1234, 1065, -68, 107, 1
1235, 1065, -67, 107, 1
1236, 1066, -67, 107, 1
1237, 1066, -67, 107, 1
1238, 1067, -69, 107, 1
1239, 1067, -69, 107, 1
1240, 1068, -68, 107, 1
1241, 1068, -68, 108, 1
1242, 1069, -68, 106, 1
1243, 1069, -68, 107, 1
1244, 1070, -67, 107, 1
1245, 1070, -68, 107, 1
1246, 1071, -69, 107, 1
1247, 1071, -68, 107, 1
1248, 1072, -69, 107, 1
1249, 1072, -69, 107, 1
1250, 1073, -68, 107, 1
1251, 1073, -69, 108, 1
1252, 1074, -69, 108, 1
1253, 1074, -69, 107, 1
1254, 1075, -69, 108, 1
1255, 1075, -69, 108, 1
1256, 1076, -69, 106, 1
1257, 1076, -69, 107, 1
1258, 1077, -70, 107, 1
1259, 1077, -69, 108, 1
1260, 1078, -69, 107, 1
1261, 1078, -70, 108, 1
1262, 1079, -69, 108, 1
1263, 1079, -70, 108, 1
1264, 1080, -70, 108, 1
1265, 1080, -70, 108, 1
1266, 1081, -70, 108, 1
1267, 1081, -72, 107, 1
1268, 1082, -72, 107, 1
1269, 1082, -71, 108, 1
1270, 1083, -70, 108, 1
1271, 1083, -71, 108, 1
1272, 1084, -72, 108, 1
1273, 1084, -72, 108, 1
1274, 1085, -71, 108, 1
1275, 1085, -69, 107, 1
1276, 1086, -70, 108, 1
1277, 1086, -71, 108, 1
1278, 1087, -69, 106, 1
1279, 1087, -71, 108, 1
1280, 1088, -70, 107, 1
1281, 1088, -69, 108, 1
1282, 1089, -68, 108, 1
1283, 1089, -68, 108, 1
1284, 1090, -70, 108, 1
1285, 1090, -70, 107, 1
1286, 1091, -69, 107, 1
1287, 1091, -69, 107, 1
1288, 1092, -70, 107, 1
1289, 1093, -67, 107, 1
1290, 1093, -68, 107, 1
1291, 1093, -68, 107, 1
1292, 1094, -68, 107, 1
1293, 1094, -69, 107, 1
1294, 1095, -67, 107, 1
1295, 1095, -67, 107, 1
1296, 1096, -70, 108, 1
1297, 1096, -69, 108, 1
1298, 1097, -71, 107, 1
1299, 1097, -71, 108, 1
1300, 1098, -70, 107, 1
1301, 1098, -69, 107, 1
1302, 1099, -70, 107, 1
1303, 1099, -70, 106, 1
1304, 1100, -70, 108, 1
1305, 1100, -71, 107, 1
1306, 1101, -69, 107, 1
1307, 1101, -71, 107, 1
1308, 1102, -71, 108, 1
1309, 1102, -69, 107, 1
1310, 1103, -71, 108, 1
1311, 1103, -70, 106, 1
1312, 1104, -71, 107, 1
1313, 1104, -75, 106, 1
1314, 1105, -67, 107, 1
1315, 1105, -69, 107, 1
1316, 1106, -72, 108, 1
1317, 1106, -69, 107, 1
1318, 1107, -70, 108, 1
1319, 1107, -69, 108, 1
1320, 1108, -73, 108, 1
1321, 1108, -67, 108, 1
1322, 1109, -66, 107, 1
1323, 1109, -69, 106, 1
1324, 1110, -72, 107, 1
1325, 1111, -73, 108, 1
1326, 1111, -71, 107, 1
1327, 1111, -68, 105, 1
1328, 1112, -70, 106, 1
1329, 1112, -69, 107, 1
1330, 1113, -70, 107, 1
1331, 1114, -68, 108, 1
1332, 1114, -70, 107, 1
1333, 1114, -69, 107, 1
1334, 1115, -68, 107, 1
1335, 1115, -67, 107, 1
1336, 1116, -68, 107, 1
1337, 1116, -69, 107, 1
1338, 1117, -68, 107, 1
1339, 1117, -72, 107, 1
1340, 1118, -67, 106, 1
1341, 1118, -66, 108, 1
1342, 1119, -69, 108, 1
1343, 1119, -68, 107, 1
1344, 1120, -68, 108, 1
1345, 1120, -69, 107, 1
1346, 1121, -66, 107, 1
1347, 1122, -75, 106, 1
1348, 1122, -68, 108, 1
1349, 1122, -68, 107, 1
1350, 1123, -72, 107, 1
1351, 1123, -68, 107, 1
1352, 1124, -66, 107, 1
1353, 1124, -70, 107, 1
1354, 1125, -71, 107, 1
1355, 1125, -72, 108, 1
1356, 1126, -65, 108, 1
1357, 1126, -73, 108, 1
1358, 1127, -71, 108, 1
1359, 1127, -72, 108, 1
1360, 1128, -68, 107, 1
1361, 1128, -69, 108, 1
1362, 1129, -67, 108, 1
1363, 1129, -69, 107, 1
1364, 1130, -69, 107, 1
1365, 1130, -70, 108, 1
1366, 1131, -69, 108, 1
1367, 1131, -70, 108, 1
1368, 1132, -72, 108, 1
1369, 1132, -70, 108, 1
1370, 1133, -69, 108, 1
1371, 1133, -69, 108, 1
1372, 1134, -70, 108, 1
1373, 1134, -70, 107, 1
1374, 1135, -71, 108, 1
1375, 1135, -72, 107, 1
1376, 1136, -69, 106, 1
1377, 1136, -70, 107, 1
1378, 1137, -69, 107, 1
1379, 1137, -70, 107, 1
1380, 1138, -71, 107, 1
1381, 1138, -72, 108, 1
1382, 1139, -72, 108, 1
1383, 1139, -70, 106, 1
1384, 1140, -69, 108, 1
1385, 1140, -72, 107, 1
1386, 1141, -69, 107, 1
1387, 1141, -70, 107, 1
1388, 1142, -72, 107, 1
1389, 1142, -70, 107, 1
1390, 1143, -71, 108, 1
1391, 1143, -69, 108, 1
1392, 1144, -68, 106, 1
1393, 1144, -70, 108, 1
1394, 1145, -70, 107, 1
1395, 1145, -69, 108, 1
1396, 1146, -69, 108, 1
1397, 1146, -70, 106, 1
1398, 1147, -69, 107, 1
1399, 1147, -70, 107, 1
1400, 1148, -70, 108, 1
1401, 1148, -70, 108, 1
1402, 1149, -69, 107, 1
1403, 1149, -71, 108, 1
1404, 1150, -69, 107, 1
1405, 1150, -70, 107, 1
1406, 1151, -73, 107, 1
1407, 1151, -68, 107, 1
1408, 1152, -69, 107, 1
1409, 1152, -69, 108, 1
1410, 1153, -70, 107, 1
1411, 1153, -70, 108, 1
1412, 1154, -70, 107, 1
1413, 1154, -69, 107, 1
1414, 1155, -69, 108, 1
1415, 1155, -72, 107, 1
1416, 1156, -71, 107, 1
1417, 1156, -69, 107, 1
1418, 1157, -70, 107, 1
1419, 1157, -70, 107, 1
1420, 1158, -71, 108, 1
1421, 1159, -71, 108, 1
1422, 1159, -69, 108, 1
1423, 1159, -70, 107, 1
1424, 1160, -68, 107, 1
1425, 1160, -68, 107, 1
1426, 1161, -69, 107, 1
1427, 1161, -70, 107, 1
1428, 1162, -70, 107, 1
1429, 1162, -67, 106, 1
1430, 1163, -69, 106, 1
1431, 1163, -68, 107, 1
1432, 1164, -69, 107, 1
1433, 1164, -67, 107, 1
1434, 1165, -67, 108, 1
1435, 1165, -67, 107, 1
1436, 1166, -69, 108, 1
1437, 1166, -68, 108, 1
1438, 1167, -66, 108, 1
1439, 1167, -67, 107, 1
1440, 1168, -66, 107, 1
1441, 1168, -68, 107, 1
1442, 1169, -67, 107, 1
1443, 1169, -67, 107, 1
1444, 1170, -70, 107, 1
1445, 1170, -69, 108, 1
1446, 1171, -67, 106, 1
1447, 1171, -68, 108, 1
1448, 1172, -69, 107, 1
1449, 1172, -69, 108, 1
1450, 1173, -68, 107, 1
1451, 1174, -67, 108, 1
1452, 1174, -68, 108, 1
1453, 1174, -70, 108, 1
1454, 1175, -68, 108, 1
1455, 1175, -70, 107, 1
1456, 1176, -68, 107, 1
1457, 1176, -68, 107, 1
1458, 1177, -68, 107, 1
1459, 1177, -70, 107, 1
1460, 1178, -70, 107, 1
1461, 1178, -69, 106, 1
1462, 1179, -69, 108, 1
1463, 1179, -69, 107, 1
1464, 1180, -70, 107, 1
1465, 1180, -68, 107, 1
1466, 1181, -69, 108, 1
1467, 1182, -69, 107, 1
1468, 1182, -68, 108, 1
1469, 1183, -68, 107, 1
1470, 1183, -69, 107, 1
1471, 1183, -70, 107, 1
1472, 1184, -67, 107, 1
1473, 1184, -67, 107, 1
1474, 1185, -68, 107, 1
1475, 1185, -67, 108, 1
1476, 1186, -67, 107, 1
1477, 1186, -66, 108, 1
1478, 1187, -65, 107, 1
1479, 1187, -66, 108, 1
1480, 1188, -64, 108, 1
1481, 1188, -66, 108, 1
1482, 1189, -67, 108, 1
1483, 1189, -69, 107, 1
1484, 1190, -69, 106, 1
1485, 1190, -72, 107, 1
1486, 1191, -67, 108, 1
1487, 1191, -66, 107, 1
1488, 1192, -67, 107, 1
1489, 1193, -68, 107, 1
1490, 1193, -68, 108, 1
1491, 1193, -66, 107, 1
1492, 1194, -68, 107, 1
1493, 1194, -67, 107, 1
1494, 1195, -68, 106, 1
1495, 1195, -67, 107, 1
1496, 1196, -67, 107, 1
1497, 1196, -67, 106, 1
1498, 1197, -67, 107, 1
1499, 1197, -68, 108, 1
1500, 1198, -67, 107, 1
1501, 1198, -69, 107, 1
1502, 1199, -68, 107, 1
1503, 1199, -67, 108, 1
1504, 1200, -68, 107, 1
1505, 1200, -69, 108, 1
1506, 1201, -68, 108, 1
1507, 1202, -67, 107, 1
1508, 1202, -68, 108, 1
1509, 1202, -67, 108, 1
1510, 1203, -67, 108, 1
1511, 1203, -67, 107, 1
1512, 1204, -68, 107, 1
1513, 1204, -68, 107, 1
1514, 1205, -68, 108, 1
1515, 1205, -67, 107, 1
1516, 1206, -67, 108, 1
1517, 1206, -66, 107, 1
1518, 1207, -66, 106, 1
1519, 1207, -66, 107, 1
1520, 1208, -66, 107, 1
1521, 1208, -66, 107, 1
1522, 1209, -65, 107, 1
1523, 1209, -66, 107, 1
1524, 1210, -65, 107, 1
1525, 1210, -66, 107, 1
1526, 1211, -66, 107, 1
1527, 1211, -66, 108, 1
1528, 1212, -66, 107, 1
1529, 1212, -66, 107, 1
1530, 1213, -67, 107, 1
1531, 1213, -67, 108, 1
1532, 1214, -67, 108, 1
1533, 1214, -66, 106, 1
1534, 1215, -67, 107, 1
1535, 1215, -67, 107, 1
1536, 1216, -67, 107, 1
1537, 1216, -67, 107, 1
1538, 1217, -68, 107, 1
1539, 1217, -68, 107, 1
1540, 1218, -66, 106, 1
1541, 1218, -68, 108, 1
1542, 1219, -67, 107, 1
1543, 1219, -68, 108, 1
1544, 1220, -68, 108, 1
1545, 1220, -67, 107, 1
1546, 1221, -67, 107, 1
1547, 1221, -67, 107, 1
1548, 1222, -67, 107, 1
1549, 1222, -67, 108, 1
1550, 1223, -67, 108, 1
1551, 1223, -68, 107, 1
1552, 1224, -68, 107, 1
1553, 1224, -68, 107, 1
1554, 1225, -69, 106, 1
1555, 1225, -68, 107, 1
1556, 1226, -68, 107, 1
1557, 1226, -70, 108, 1
1558, 1227, -69, 107, 1
1559, 1227, -67, 107, 1
1560, 1228, -67, 107, 1
1561, 1228, -67, 108, 1
1562, 1229, -67, 107, 1
1563, 1229, -67, 107, 1
1564, 1230, -67, 108, 1
1565, 1230, -67, 107, 1
1566, 1231, -67, 108, 1
1567, 1231, -68, 107, 1
1568, 1232, -68, 107, 1
1569, 1232, -68, 107, 1
1570, 1233, -68, 107, 1
1571, 1233, -68, 107, 1
1572, 1234, -69, 107, 1
1573, 1235, -69, 107, 1
1574, 1235, -70, 107, 1
1575, 1235, -69, 108, 1
1576, 1236, -68, 107, 1
1577, 1236, -69, 108, 1
1578, 1237, -69, 108, 1
1579, 1237, -68, 107, 1
1580, 1238, -67, 108, 1
1581, 1238, -67, 108, 1
1582, 1239, -67, 107, 1
1583, 1239, -67, 106, 1
1584, 1240, -67, 107, 1
1585, 1240, -67, 108, 1
1586, 1241, -68, 107, 1
1587, 1241, -69, 108, 1
1588, 1242, -69, 108, 1
1589, 1242, -69, 107, 1
1590, 1243, -68, 108, 1
1591, 1243, -69, 107, 1
1592, 1244, -69, 107, 1
1593, 1244, -70, 107, 1
1594, 1245, -70, 107, 1
1595, 1245, -68, 107, 1
1596, 1246, -68, 107, 1
1597, 1246, -68, 107, 1
1598, 1247, -68, 107, 1
1599, 1247, -68, 107, 1
1600, 1248, -67, 107, 1
1601, 1248, -67, 107, 1
1602, 1249, -68, 107, 1
1603, 1249, -67, 108, 1
1604, 1250, -67, 107, 1
1605, 1250, -67, 107, 1
1606, 1251, -67, 107, 1
1607, 1251, -66, 107, 1
1608, 1252, -66, 107, 1
1609, 1252, -67, 107, 1
1610, 1253, -68, 107, 1
1611, 1253, -68, 107, 1
1612, 1254, -67, 107, 1
1613, 1254, -68, 107, 1
1614, 1255, -66, 106, 1
1615, 1255, -66, 108, 1
1616, 1256, -66, 107, 1
1617, 1257, -66, 107, 1
1618, 1257, -66, 107, 1
1619, 1257, -66, 107, 1
1620, 1258, -66, 107, 1
1621, 1258, -66, 107, 1
1622, 1259, -67, 107, 1
1623, 1259, -68, 107, 1
1624, 1260, -68, 108, 1
1625, 1260, -68, 107, 1
1626, 1261, -67, 107, 1
1627, 1262, -67, 107, 1
1628, 1262, -67, 107, 1
1629, 1262, -67, 106, 1
1630, 1263, -67, 106, 1
1631, 1263, -67, 107, 1
1632, 1264, -67, 107, 1
1633, 1264, -67, 107, 1
1634, 1265, -67, 107, 1
1635, 1265, -67, 107, 1
1636, 1266, -68, 107, 1
1637, 1266, -67, 108, 1
1638, 1267, -68, 107, 1
1639, 1267, -68, 107, 1
1640, 1268, -67, 107, 1
1641, 1268, -66, 107, 1
1642, 1269, -65, 108, 1
1643, 1269, -66, 107, 1
1644, 1270, -64, 107, 1
1645, 1270, -66, 106, 1
1646, 1271, -66, 108, 1
1647, 1271, -66, 107, 1
1648, 1272, -66, 107, 1
1649, 1273, -67, 107, 1
1650, 1273, -66, 108, 1
1651, 1273, -69, 106, 1
1652, 1274, -69, 108, 1
1653, 1274, -69, 108, 1
1654, 1275, -67, 107, 1
1655, 1275, -66, 107, 1
1656, 1276, -65, 107, 1
1657, 1277, -66, 107, 1
1658, 1277, -66, 107, 1
1659, 1277, -65, 108, 1
1660, 1278, -66, 108, 1
1661, 1278, -65, 107, 1
1662, 1279, -67, 107, 1
1663, 1279, -66, 108, 1
1664, 1280, -67, 107, 1
1665, 1280, -69, 107, 1
1666, 1281, -67, 108, 1
1667, 1281, -67, 107, 1
1668, 1282, -67, 108, 1
1669, 1282, -67, 107, 1
1670, 1283, -69, 107, 1
1671, 1283, -65, 107, 1
1672, 1284, -67, 106, 1
1673, 1284, -67, 107, 1
1674, 1285, -67, 107, 1
1675, 1286, -68, 108, 1
1676, 1286, -67, 108, 1
1677, 1286, -67, 108, 1
1678, 1287, -67, 107, 1
1679, 1287, -68, 108, 1
1680, 1288, -69, 108, 1
1681, 1288, -69, 108, 1
1682, 1289, -68, 108, 1
1683, 1290, -68, 108, 1
1684, 1290, -69, 106, 1
1685, 1290, -67, 106, 1
1686, 1291, -66, 107, 1
1687, 1291, -67, 108, 1
1688, 1292, -67, 107, 1
1689, 1292, -67, 107, 1
1690, 1293, -66, 107, 1
1691, 1293, -67, 108, 1
1692, 1294, -66, 107, 1
1693, 1294, -66, 107, 1
1694, 1295, -67, 107, 1
1695, 1295, -68, 107, 1
1696, 1296, -68, 107, 1
1697, 1296, -67, 108, 1
1698, 1297, -68, 107, 1
1699, 1297, -67, 108, 1
1700, 1298, -69, 107, 1
1701, 1298, -68, 106, 1
1702, 1299, -68, 107, 1
1703, 1299, -67, 107, 1
1704, 1300, -68, 106, 1
1705, 1300, -67, 96, 1
1706, 1301, -68, 107, 1
1707, 1301, -68, 107, 1
1708, 1302, -69, 107, 1
1709, 1302, -69, 108, 1
1710, 1303, -68, 107, 1
1711, 1303, -67, 107, 1
1712, 1304, -67, 108, 1
1713, 1304, -67, 107, 1
1714, 1305, -67, 107, 1
1715, 1305, -69, 108, 1
1716, 1306, -69, 107, 1
1717, 1306, -69, 106, 1
1718, 1307, -69, 107, 1
1719, 1307, -68, 106, 1
1720, 1308, -68, 108, 1
1721, 1308, -68, 107, 1
1722, 1309, -69, 108, 1
1723, 1309, -68, 107, 1
1724, 1310, -69, 108, 1
1725, 1310, -67, 108, 1
1726, 1311, -68, 108, 1
1727, 1311, -68, 107, 1
1728, 1312, -68, 107, 1
1729, 1312, -67, 107, 1
1730, 1313, -67, 107, 1
1731, 1313, -67, 108, 1
1732, 1314, -67, 107, 1
1733, 1314, -66, 107, 1
1734, 1315, -66, 107, 1
1735, 1315, -66, 107, 1
1736, 1316, -66, 107, 1
1737, 1316, -67, 107, 1
1738, 1317, -67, 107, 1
1739, 1317, -66, 107, 1
1740, 1318, -66, 108, 1
1741, 1318, -67, 107, 1
1742, 1319, -67, 107, 1
1743, 1319, -67, 108, 1
1744, 1320, -67, 108, 1
1745, 1320, -67, 107, 1
1746, 1321, -67, 107, 1
1747, 1322, -68, 108, 1
1748, 1322, -67, 107, 1
1749, 1322, -69, 107, 1
1750, 1323, -68, 106, 1
1751, 1323, -68, 107, 1
1752, 1324, -68, 107, 1
1753, 1324, -69, 107, 1
1754, 1325, -69, 108, 1
1755, 1325, -69, 108, 1
1756, 1326, -67, 107, 1
1757, 1326, -68, 108, 1
1758, 1327, -68, 106, 1
1759, 1327, -69, 107, 1
1760, 1328, -69, 107, 1
1761, 1328, -69, 107, 1
1762, 1329, -68, 108, 1
1763, 1329, -68, 107, 1
1764, 1330, -68, 108, 1
1765, 1330, -67, 106, 1
1766, 1331, -67, 107, 1
1767, 1331, -68, 106, 1
1768, 1332, -68, 107, 1
1769, 1332, -68, 107, 1
1770, 1333, -67, 107, 1
1771, 1333, -67, 107, 1
1772, 1334, -68, 107, 1
1773, 1335, -68, 107, 1
1774, 1335, -68, 107, 1
1775, 1335, -68, 108, 1
1776, 1336, -68, 107, 1
1777, 1336, -68, 107, 1
1778, 1337, -69, 107, 1
1779, 1337, -69, 107, 1
1780, 1338, -69, 106, 1
1781, 1338, -69, 108, 1
1782, 1339, -68, 107, 1
1783, 1339, -69, 106, 1
1784, 1340, -69, 107, 1
1785, 1340, -70, 108, 1
1786, 1341, -69, 106, 1
1787, 1341, -69, 106, 1
1788, 1342, -69, 107, 1
1789, 1342, -68, 107, 1
1790, 1343, -69, 107, 1
1791, 1343, -68, 107, 1
1792, 1344, -68, 107, 1
1793, 1344, -67, 107, 1
1794, 1345, -69, 108, 1
1795, 1346, -69, 108, 1
1796, 1346, -69, 108, 1
1797, 1346, -69, 107, 1
1798, 1347, -69, 107, 1
1799, 1347, -69, 107, 1
1800, 1348, -68, 107, 1
1801, 1349, -68, 107, 1
1802, 1349, -68, 107, 1
1803, 1349, -69, 107, 1
1804, 1350, -68, 107, 1
1805, 1350, -68, 108, 1
1806, 1351, -68, 106, 1
1807, 1351, -68, 106, 1
1808, 1352, -67, 107, 1
1809, 1352, -67, 107, 1
1810, 1353, -68, 107, 1
1811, 1354, -68, 107, 1
1812, 1354, -69, 107, 1
1813, 1355, -68, 107, 1
1814, 1355, -68, 107, 1
1815, 1355, -68, 108, 1
1816, 1356, -68, 107, 1
1817, 1356, -68, 108, 1
1818, 1357, -68, 107, 1
1819, 1357, -68, 108, 1
1820, 1358, -68, 107, 1
1821, 1358, -68, 107, 1
1822, 1359, -68, 108, 1
1823, 1359, -67, 107, 1
1824, 1360, -68, 108, 1
1825, 1360, -68, 108, 1
1826, 1361, -68, 107, 1
1827, 1361, -69, 107, 1
1828, 1362, -68, 108, 1
1829, 1362, -67, 107, 1
1830, 1363, -68, 107, 1
1831, 1363, -68, 106, 1
1832, 1364, -68, 107, 1
1833, 1364, -67, 107, 1
1834, 1365, -68, 107, 1
1835, 1365, -68, 107, 1
1836, 1366, -68, 107, 1
1837, 1366, -68, 107, 1
1838, 1367, -68, 107, 1
1839, 1367, -68, 108, 1
1840, 1368, -67, 106, 1
1841, 1368, -67, 107, 1
1842, 1369, -67, 106, 1
1843, 1369, -67, 107, 1
1844, 1370, -68, 107, 1
1845, 1370, -68, 107, 1
1846, 1371, -68, 107, 1
1847, 1371, -67, 108, 1
1848, 1372, -68, 107, 1
1849, 1372, -68, 107, 1
1850, 1373, -68, 107, 1
1851, 1373, -67, 108, 1
1852, 1374, -67, 107, 1
1853, 1374, -67, 107, 1
1854, 1375, -67, 107, 1
1855, 1375, -68, 107, 1
1856, 1376, -68, 107, 1
1857, 1376, -68, 107, 1
1858, 1377, -68, 107, 1
1859, 1377, -68, 107, 1
1860, 1378, -68, 107, 1
1861, 1378, -68, 108, 1
1862, 1379, -68, 108, 1
1863, 1379, -68, 108, 1
1864, 1380, -69, 108, 1
1865, 1380, -69, 108, 1
1866, 1381, -69, 107, 1
1867, 1382, -69, 107, 1
1868, 1382, -69, 107, 1
1869, 1382, -69, 107, 1
1870, 1383, -69, 107, 1
1871, 1383, -70, 106, 1
1872, 1384, -70, 107, 1
1873, 1384, -70, 107, 1
1874, 1385, -67, 107, 1
1875, 1385, -67, 108, 1
1876, 1386, -70, 108, 1
1877, 1386, -67, 107, 1
1878, 1387, -72, 108, 1
1879, 1387, -68, 108, 1
1880, 1388, -68, 107, 1
1881, 1388, -66, 107, 1
1882, 1389, -71, 107, 1
1883, 1390, -66, 107, 1
1884, 1390, -65, 107, 1
1885, 1390, -65, 107, 1
1886, 1391, -64, 108, 1
1887, 1391, -72, 107, 1
1888, 1392, -70, 108, 1
1889, 1392, -67, 108, 1
1890, 1393, -68, 107, 1
1891, 1393, -69, 107, 1
1892, 1394, -69, 107, 1
1893, 1394, -68, 107, 1
1894, 1395, -68, 107, 1
1895, 1395, -68, 106, 1
1896, 1396, -67, 107, 1
1897, 1397, -69, 107, 1
1898, 1397, -69, 107, 1
1899, 1397, -69, 107, 1
1900, 1398, -72, 107, 1
1901, 1398, -67, 107, 1
1902, 1399, -64, 107, 1
