 8, 35, -82, 61
 11, 36, -81, 79
 12, 37, -81, 83
 13, 37, -82, 74
 14, 38, -82, 71
 15, 38, -82, 72
 16, 39, -82, 80
 17, 39, -82, 73
 18, 40, -81, 71
 20, 41, -82, 73
 22, 42, -82, 74
 23, 42, -82, 71
 24, 43, -81, 72
 25, 43, -82, 72
 26, 44, -82, 70
 28, 45, -43, 108
 29, 45, -43, 108
 30, 46, -43, 108
 31, 46, -43, 108
 32, 47, -43, 108
 33, 47, -44, 108
 34, 48, -43, 108
 35, 48, -43, 108
 36, 49, -43, 108
 37, 49, -43, 108
 38, 50, -43, 108
 39, 50, -43, 108
 40, 51, -44, 108
 41, 51, -42, 108
 42, 52, -42, 108
 43, 52, -43, 108
 44, 53, -43, 108
 45, 53, -43, 108
 46, 54, -43, 108
 47, 54, -43, 108
 48, 55, -43, 108
 49, 55, -43, 108
 50, 56, -43, 108
 51, 56, -44, 108
 52, 57, -43, 108
 53, 57, -42, 108
 54, 58, -43, 108
 55, 58, -43, 108
 56, 59, -43, 107
 57, 59, -43, 108
 58, 60, -43, 108
 59, 60, -43, 108
 60, 61, -43, 108
 61, 61, -43, 108
 62, 62, -43, 108
 63, 62, -43, 108
 64, 63, -43, 108
 65, 63, -43, 108
 66, 64, -43, 108
 67, 64, -43, 107
 68, 65, -42, 108
 69, 65, -42, 108
 70, 66, -42, 108
 71, 66, -44, 108
 72, 67, -43, 108
 73, 67, -43, 108
 74, 68, -43, 107
 75, 68, -43, 108
 76, 69, -43, 108
 77, 69, -43, 108
 78, 70, -43, 108
 79, 70, -43, 108
 80, 71, -44, 107
 81, 71, -44, 108
 82, 72, -44, 108
 83, 72, -44, 108
 84, 73, -44, 108
 85, 73, -44, 108
 86, 74, -43, 108
 87, 74, -43, 108
 88, 75, -44, 108
 89, 75, -44, 108
 90, 76, -43, 108
 91, 76, -44, 108
 92, 77, -43, 108
 93, 77, -44, 108
 94, 78, -44, 108
 95, 78, -44, 108
 96, 79, -44, 108
 97, 79, -44, 108
 98, 80, -44, 108
 99, 80, -43, 108
 100, 81, -44, 108
 101, 81, -44, 108
 102, 82, -44, 108
 103, 82, -47, 108
 104, 83, -51, 107
 105, 83, -52, 108
 106, 84, -53, 108
 107, 84, -54, 108
 108, 85, -52, 107
 109, 85, -52, 107
 110, 86, -51, 108
 111, 86, -51, 108
 112, 87, -48, 108
 113, 87, -44, 108
 114, 88, -43, 108
 115, 88, -43, 108
 116, 89, -45, 108
 117, 89, -44, 108
 118, 90, -43, 108
 119, 90, -44, 108
 120, 91, -44, 107
 121, 91, -44, 108
 122, 92, -44, 107
 123, 92, -44, 108
 124, 93, -44, 108
 125, 93, -44, 108
 126, 94, -44, 108
 127, 94, -45, 108
 128, 95, -45, 108
 129, 95, -44, 108
 130, 96, -44, 107
 131, 96, -44, 108
 132, 97, -45, 108
 133, 97, -44, 108
 134, 98, -44, 108
 135, 98, -43, 108
 136, 99, -43, 108
 137, 99, -43, 108
 138, 100, -43, 108
 139, 100, -43, 108
 140, 101, -43, 108
 141, 101, -42, 108
 142, 102, -43, 108
 143, 102, -44, 108
 144, 103, -43, 108
 145, 103, -43, 108
 146, 104, -43, 108
 147, 104, -43, 107
 148, 105, -43, 108
 149, 105, -43, 108
 150, 106, -43, 108
 151, 106, -43, 108
 152, 107, -43, 108
 153, 107, -43, 108
 154, 108, -43, 108
 155, 108, -43, 108
 156, 109, -43, 108
 157, 109, -43, 107
 158, 110, -43, 108
 159, 110, -43, 108
 160, 111, -43, 108
 161, 111, -43, 108
 162, 112, -43, 108
 163, 112, -43, 108
 164, 113, -43, 108
 165, 113, -43, 108
 166, 114, -43, 108
 167, 114, -43, 108
 168, 115, -43, 108
 169, 115, -43, 108
 170, 116, -43, 108
 171, 117, -43, 108
 172, 117, -43, 108
 173, 117, -43, 108
 174, 118, -43, 108
 175, 118, -43, 108
 176, 119, -43, 108
 177, 119, -43, 108
 178, 120, -43, 108
 179, 120, -43, 108
 180, 121, -43, 108
 181, 121, -43, 108
 182, 122, -43, 108
 183, 123, -43, 108
 184, 123, -43, 108
 185, 123, -43, 108
 186, 124, -43, 108
 187, 124, -43, 108
 188, 125, -43, 108
 189, 125, -43, 108
 190, 126, -43, 108
 191, 126, -43, 108
 192, 127, -42, 108
 193, 127, -42, 108
 194, 128, -42, 108
 195, 128, -42, 108
 196, 129, -42, 108
 197, 129, -42, 108
 198, 130, -43, 108
 199, 130, -43, 108
 200, 131, -43, 107
 201, 131, -43, 108
 202, 132, -43, 107
 203, 132, -43, 107
 204, 133, -43, 108
 205, 133, -43, 108
 206, 134, -43, 108
 207, 134, -43, 107
 208, 135, -43, 108
 209, 135, -43, 108
 210, 136, -43, 108
 211, 136, -43, 108
 212, 137, -43, 108
 213, 137, -43, 108
 214, 138, -43, 108
 215, 138, -43, 108
 216, 139, -43, 108
 217, 140, -43, 70
 218, 140, -43, 108
 219, 140, -43, 108
 220, 141, -43, 107
 221, 141, -43, 108
 222, 142, -43, 108
 223, 142, -43, 108
 224, 143, -43, 108
 225, 143, -43, 108
 226, 144, -43, 108
 227, 144, -43, 107
 228, 145, -43, 108
 229, 145, -43, 108
 230, 146, -43, 108
 231, 146, -43, 108
 232, 147, -43, 108
 233, 147, -43, 108
 234, 148, -43, 108
 235, 148, -41, 108
 236, 149, -43, 108
 237, 149, -43, 108
 238, 150, -43, 108
 239, 150, -43, 108
 240, 151, -43, 108
 241, 151, -42, 108
 242, 152, -42, 108
 243, 152, -43, 108
 244, 153, -42, 108
 245, 153, -42, 107
 246, 154, -42, 108
 247, 154, -42, 108
 248, 155, -42, 108
 249, 155, -42, 108
 250, 156, -42, 108
 251, 156, -43, 108
 252, 157, -42, 108
 253, 157, -43, 108
 254, 158, -42, 107
 255, 158, -43, 108
 256, 159, -43, 107
 257, 159, -43, 108
 258, 160, -43, 108
 259, 160, -43, 107
 260, 161, -43, 108
 261, 161, -42, 108
 262, 162, -42, 108
 263, 162, -43, 108
 264, 163, -42, 108
 265, 163, -42, 108
 266, 164, -42, 108
 267, 164, -42, 108
 268, 165, -42, 108
 269, 165, -42, 108
 270, 166, -42, 108
 271, 166, -42, 108
 272, 167, -42, 108
 273, 167, -42, 108
 274, 168, -42, 108
 275, 168, -42, 108
 276, 169, -43, 108
 277, 169, -42, 108
 278, 170, -43, 108
 279, 170, -42, 108
 280, 171, -43, 108
 281, 171, -42, 107
 282, 172, -42, 108
 283, 172, -42, 108
 284, 173, -42, 108
 285, 173, -42, 108
 286, 174, -43, 108
 287, 174, -42, 108
 288, 175, -43, 108
 289, 175, -43, 108
 290, 176, -43, 108
 291, 176, -43, 108
 292, 177, -43, 108
 293, 177, -43, 108
 294, 178, -43, 108
 295, 178, -43, 108
 296, 179, -43, 108
 297, 179, -43, 107
 298, 180, -43, 108
 299, 180, -43, 108
 300, 181, -43, 108
 301, 181, -42, 108
 302, 182, -42, 108
 303, 182, -42, 108
 304, 183, -42, 108
 306, 184, -42, 108
 307, 184, -42, 108
 308, 185, -42, 108
 309, 185, -42, 108
 310, 186, -42, 108
 311, 186, -42, 108
 312, 187, -43, 108
 313, 187, -42, 108
 314, 188, -43, 108
 315, 188, -42, 108
 316, 189, -42, 108
 317, 190, -42, 108
 318, 190, -43, 108
 319, 190, -42, 108
 320, 191, -43, 108
 321, 191, -42, 107
 322, 192, -42, 108
 323, 192, -42, 108
 324, 193, -42, 108
 325, 193, -42, 108
 326, 194, -42, 108
 327, 194, -42, 108
 328, 195, -42, 108
 329, 195, -42, 107
 330, 196, -42, 108
 331, 196, -42, 108
 332, 197, -42, 108
 333, 197, -42, 108
 334, 198, -42, 108
 335, 198, -42, 108
 336, 199, -42, 108
 337, 199, -42, 108
 338, 200, -42, 108
 339, 200, -42, 108
 340, 201, -42, 108
 341, 201, -42, 108
 342, 202, -42, 108
 343, 202, -42, 108
 344, 203, -42, 108
 345, 203, -42, 108
 346, 204, -42, 108
 347, 205, -42, 108
 348, 205, -42, 108
 349, 205, -42, 108
 350, 206, -42, 108
 351, 206, -42, 108
 352, 207, -42, 108
 353, 207, -42, 108
 354, 208, -42, 108
 355, 208, -42, 108
 356, 209, -42, 108
 357, 209, -42, 108
 358, 210, -42, 108
 359, 210, -42, 107
 360, 211, -42, 107
 361, 211, -43, 108
 362, 212, -42, 108
 363, 212, -43, 108
 364, 213, -43, 108
 365, 213, -43, 108
 366, 214, -43, 107
 367, 214, -43, 108
 368, 215, -43, 108
 369, 215, -42, 107
 370, 216, -42, 108
 371, 216, -43, 107
 372, 217, -42, 108
 373, 217, -42, 108
 374, 218, -43, 108
 375, 218, -43, 108
 376, 219, -43, 108
 377, 219, -42, 108
 378, 220, -42, 108
 379, 220, -42, 108
 380, 221, -42, 108
 381, 221, -42, 108
 382, 222, -42, 108
 383, 222, -42, 106
 384, 223, -42, 108
 385, 223, -42, 108
 386, 224, -43, 108
 387, 224, -42, 107
 388, 225, -42, 108
 389, 225, -42, 108
 390, 226, -42, 108
 391, 226, -42, 108
 392, 227, -42, 108
 393, 227, -42, 108
 394, 228, -42, 108
 395, 228, -42, 108
 396, 229, -42, 108
 397, 229, -42, 108
 398, 230, -42, 108
 399, 230, -42, 108
 400, 231, -42, 108
 401, 231, -42, 108
 402, 232, -43, 108
 403, 232, -42, 108
 404, 233, -42, 108
 405, 233, -42, 108
 406, 234, -42, 108
 407, 234, -42, 108
 408, 235, -42, 108
 409, 235, -43, 108
 410, 236, -42, 108
 411, 237, -42, 108
 412, 237, -42, 108
 413, 237, -43, 108
 414, 238, -43, 108
 415, 238, -43, 108
 416, 239, -42, 108
 417, 239, -43, 108
 418, 240, -42, 108
 419, 240, -42, 108
 420, 241, -42, 108
 421, 241, -42, 108
 422, 242, -42, 108
 423, 242, -42, 108
 424, 243, -42, 108
 425, 243, -42, 107
 426, 244, -42, 108
 427, 244, -42, 108
 428, 245, -42, 108
 429, 245, -42, 108
 430, 246, -42, 108
 431, 246, -42, 108
 432, 247, -42, 108
 433, 247, -43, 108
 434, 248, -42, 108
 435, 248, -42, 108
 436, 249, -42, 108
 437, 249, -42, 108
 438, 250, -42, 108
 439, 250, -42, 108
 440, 251, -42, 108
 441, 251, -42, 108
 442, 252, -42, 108
 443, 252, -42, 108
 444, 253, -42, 108
 445, 254, -43, 108
 446, 254, -43, 108
 447, 254, -42, 108
 448, 255, -42, 107
 449, 255, -42, 108
 450, 256, -42, 108
 451, 256, -42, 108
 452, 257, -42, 108
 453, 257, -43, 107
 454, 258, -43, 107
 455, 258, -42, 108
 456, 259, -42, 108
 457, 259, -42, 108
 458, 260, -42, 108
 459, 260, -42, 108
 460, 261, -42, 108
 461, 261, -42, 108
 462, 262, -42, 108
 463, 262, -42, 108
 464, 263, -42, 108
 465, 263, -42, 108
 466, 264, -42, 108
 467, 264, -43, 107
 468, 265, -42, 108
 469, 265, -43, 108
 470, 266, -43, 108
 471, 266, -42, 108
 472, 267, -42, 108
 473, 267, -42, 108
 474, 268, -42, 108
 475, 268, -42, 108
 476, 269, -42, 108
 477, 269, -42, 108
 478, 270, -42, 108
 479, 270, -42, 108
 480, 271, -42, 108
 481, 271, -42, 108
 482, 272, -43, 108
 483, 272, -42, 108
 484, 273, -42, 108
 485, 273, -42, 108
 486, 274, -43, 108
 487, 274, -42, 108
 488, 275, -42, 108
 489, 275, -42, 108
 490, 276, -43, 108
 491, 276, -42, 108
 492, 277, -42, 108
 493, 277, -42, 108
 494, 278, -43, 108
 495, 278, -42, 107
 496, 279, -42, 108
 497, 279, -43, 107
 498, 280, -42, 108
 499, 280, -42, 108
 500, 281, -42, 108
 501, 281, -42, 108
 502, 282, -42, 108
 503, 282, -42, 108
 504, 283, -42, 108
 505, 283, -42, 108
 506, 284, -42, 108
 507, 284, -42, 108
 508, 285, -42, 108
 509, 285, -42, 108
 510, 286, -42, 108
 511, 286, -42, 108
 512, 287, -42, 108
 513, 287, -42, 108
 514, 288, -42, 108
 515, 288, -42, 108
 516, 289, -42, 108
 517, 289, -42, 107
 518, 290, -42, 108
 519, 290, -42, 108
 520, 291, -42, 107
 521, 291, -42, 108
 522, 292, -42, 108
 523, 292, -42, 108
 524, 293, -42, 107
 525, 293, -42, 108
 526, 294, -42, 108
 527, 294, -42, 108
 528, 295, -42, 108
 529, 295, -42, 108
 530, 296, -42, 108
 531, 296, -42, 108
 532, 297, -42, 108
 533, 297, -42, 108
 534, 298, -42, 108
 535, 298, -42, 108
 536, 299, -42, 108
 537, 299, -42, 108
 538, 300, -42, 108
 539, 300, -42, 108
 540, 301, -43, 108
 541, 301, -43, 108
 542, 302, -43, 108
 543, 302, -42, 108
 544, 303, -43, 108
 545, 303, -42, 108
 546, 304, -42, 108
 547, 304, -42, 108
 548, 305, -42, 108
 549, 305, -42, 108
 550, 306, -42, 108
 551, 306, -42, 108
 552, 307, -42, 108
 553, 307, -42, 108
 554, 308, -42, 108
 555, 308, -42, 108
 556, 309, -42, 108
 557, 309, -42, 107
 558, 310, -42, 108
 559, 310, -42, 108
 560, 311, -42, 108
 561, 311, -42, 108
 562, 312, -43, 108
 563, 312, -43, 108
 564, 313, -43, 108
 565, 313, -42, 108
 566, 314, -43, 108
 567, 315, -43, 107
 568, 315, -42, 108
 569, 315, -42, 108
 570, 316, -42, 108
 571, 316, -43, 108
 572, 317, -43, 108
 573, 317, -43, 108
 574, 318, -43, 108
 575, 318, -43, 108
 576, 319, -43, 108
 577, 319, -43, 108
 578, 320, -43, 107
 579, 320, -43, 107
 580, 321, -43, 108
 581, 321, -43, 108
 582, 322, -43, 108
 583, 322, -43, 107
 584, 323, -43, 108
 585, 323, -43, 108
 586, 324, -42, 108
 587, 324, -43, 108
 588, 325, -43, 108
 589, 325, -42, 108
 590, 326, -43, 108
 591, 326, -43, 108
 592, 327, -43, 108
 593, 327, -43, 108
 594, 328, -42, 108
 595, 328, -43, 108
 596, 329, -43, 108
 597, 329, -42, 108
 598, 330, -43, 108
 599, 330, -43, 108
 600, 331, -43, 108
 601, 331, -43, 108
 602, 332, -43, 108
 603, 332, -43, 108
 604, 333, -43, 108
 605, 333, -43, 108
 606, 334, -43, 108
 607, 334, -43, 108
 608, 335, -43, 108
 609, 335, -43, 108
 610, 336, -43, 108
 611, 336, -43, 108
 612, 337, -43, 108
 613, 337, -43, 108
 614, 338, -43, 108
 615, 338, -43, 108
 616, 339, -43, 108
 617, 339, -43, 108
 618, 340, -43, 108
 619, 340, -43, 108
 620, 341, -43, 108
 621, 341, -43, 108
 622, 342, -43, 108
 623, 342, -43, 108
 624, 343, -43, 107
 625, 343, -43, 108
 626, 344, -43, 108
 627, 344, -43, 108
 628, 345, -43, 108
 629, 345, -43, 108
 630, 346, -43, 108
 631, 346, -43, 108
 632, 347, -42, 108
 633, 347, -42, 108
 634, 348, -43, 108
 635, 348, -42, 108
 636, 349, -42, 108
 637, 349, -43, 108
 638, 350, -43, 108
 639, 350, -43, 108
 640, 351, -43, 108
 641, 351, -43, 108
 642, 352, -43, 107
 643, 352, -42, 108
 644, 353, -43, 108
 645, 353, -43, 108
 646, 354, -43, 108
 647, 354, -43, 108
 648, 355, -42, 108
 649, 355, -43, 108
 650, 356, -43, 108
 651, 356, -43, 108
 652, 357, -43, 108
 653, 357, -43, 108
 654, 358, -43, 108
 655, 358, -43, 108
 656, 359, -43, 108
 657, 359, -43, 108
 658, 360, -43, 108
 659, 360, -43, 108
 660, 361, -43, 108
 661, 361, -42, 108
 662, 362, -42, 108
 663, 363, -43, 108
 664, 363, -43, 108
 665, 363, -43, 108
 666, 364, -43, 108
 667, 364, -43, 108
 668, 365, -43, 108
 669, 365, -43, 108
 670, 366, -43, 108
 671, 366, -43, 108
 672, 367, -43, 108
 673, 367, -43, 108
 674, 368, -43, 108
 675, 368, -43, 108
 676, 369, -43, 108
 677, 369, -43, 108
 678, 370, -43, 108
 679, 370, -43, 108
 680, 371, -43, 108
 681, 371, -43, 108
 682, 372, -43, 108
 683, 372, -43, 108
 684, 373, -43, 108
 685, 373, -43, 108
 686, 374, -43, 108
 687, 374, -43, 108
 688, 375, -43, 108
 689, 376, -43, 108
 690, 376, -43, 107
 691, 376, -43, 108
 692, 377, -43, 108
 693, 377, -43, 108
 694, 378, -43, 108
 695, 378, -43, 108
 696, 379, -43, 108
 697, 379, -43, 108
 698, 380, -43, 108
 699, 380, -43, 108
 700, 381, -43, 108
 701, 381, -43, 108
 702, 382, -43, 108
 703, 382, -43, 108
 704, 383, -42, 108
 705, 383, -43, 108
 706, 384, -43, 108
 707, 384, -43, 108
 708, 385, -43, 108
 709, 385, -43, 108
 710, 386, -43, 108
 711, 386, -44, 108
 712, 387, -44, 108
 713, 387, -44, 108
 714, 388, -43, 108
 715, 388, -43, 108
 716, 389, -43, 108
 717, 389, -43, 108
 718, 390, -43, 107
 719, 390, -43, 108
 720, 391, -43, 108
 721, 391, -43, 108
 722, 392, -43, 107
 723, 392, -43, 108
 724, 393, -43, 108
 725, 393, -43, 108
 726, 394, -43, 108
 727, 394, -43, 108
 728, 395, -43, 108
 729, 395, -43, 108
 730, 396, -43, 108
 731, 397, -43, 108
 732, 397, -43, 107
 733, 397, -43, 108
 734, 398, -43, 108
 735, 398, -43, 108
 736, 399, -43, 108
 737, 399, -43, 108
 738, 400, -43, 108
 739, 400, -43, 108
 740, 401, -43, 108
 741, 402, -43, 108
 742, 402, -43, 107
 743, 402, -43, 107
 744, 403, -43, 108
 745, 403, -43, 108
 746, 404, -43, 107
 747, 404, -43, 108
 748, 405, -43, 108
 749, 405, -42, 108
 750, 406, -43, 108
 751, 406, -43, 108
 752, 407, -43, 108
 753, 407, -43, 108
 754, 408, -43, 108
 755, 408, -43, 108
 756, 409, -43, 108
 757, 409, -43, 107
 758, 410, -43, 108
 759, 410, -43, 108
 760, 411, -43, 108
 761, 411, -43, 108
 762, 412, -43, 108
 763, 412, -43, 108
 764, 413, -43, 108
 765, 413, -43, 108
 766, 414, -43, 107
 767, 414, -43, 108
 768, 415, -43, 108
 769, 415, -43, 108
 770, 416, -43, 108
 771, 417, -43, 108
 772, 417, -43, 108
 773, 417, -43, 108
 774, 418, -43, 108
 775, 418, -43, 108
 776, 419, -43, 108
 777, 419, -43, 108
 778, 420, -43, 108
 779, 420, -43, 108
 780, 421, -42, 108
 781, 421, -43, 108
 782, 422, -43, 108
 783, 422, -43, 108
 784, 423, -43, 108
 785, 423, -43, 108
 786, 424, -43, 108
 787, 424, -43, 108
 788, 425, -42, 108
 789, 425, -43, 107
 790, 426, -43, 108
 791, 426, -42, 108
 792, 427, -42, 108
 793, 427, -43, 108
 794, 428, -42, 108
 795, 428, -43, 108
 796, 429, -42, 108
 797, 429, -43, 108
 798, 430, -43, 108
 799, 430, -43, 108
 800, 431, -43, 107
 801, 431, -43, 108
 802, 432, -43, 108
 803, 432, -42, 108
 804, 433, -43, 108
 805, 433, -43, 108
 806, 434, -43, 108
 807, 434, -43, 108
 808, 435, -43, 107
 809, 435, -43, 108
 810, 436, -43, 108
 811, 436, -43, 108
 812, 437, -43, 108
 813, 437, -43, 108
 814, 438, -43, 108
 815, 438, -43, 108
 816, 439, -43, 108
 817, 439, -43, 108
 818, 440, -43, 108
 819, 440, -43, 108
 820, 441, -43, 108
 821, 441, -43, 108
 822, 442, -43, 108
 823, 442, -43, 108
 824, 443, -43, 108
 825, 443, -43, 108
 826, 444, -43, 108
 827, 444, -43, 108
 828, 445, -43, 108
 829, 445, -43, 108
 830, 446, -43, 108
 831, 446, -43, 108
 832, 447, -43, 108
 833, 447, -43, 108
 834, 448, -43, 107
 835, 448, -43, 107
 836, 449, -43, 107
 837, 449, -43, 108
 838, 450, -43, 108
 839, 450, -43, 108
 840, 451, -43, 108
 841, 451, -43, 108
 842, 452, -43, 108
 843, 452, -43, 107
 844, 453, -43, 108
 845, 453, -43, 108
 846, 454, -43, 108
 847, 454, -43, 108
 848, 455, -43, 108
 849, 455, -43, 108
 850, 456, -43, 108
 851, 456, -43, 108
 852, 457, -43, 108
 853, 457, -43, 107
 854, 458, -43, 108
 855, 458, -43, 108
 856, 459, -43, 108
 857, 459, -43, 108
 858, 460, -43, 108
 859, 460, -43, 107
 860, 461, -43, 108
 862, 462, -43, 108
 863, 462, -43, 108
 864, 463, -43, 108
 865, 463, -43, 108
 866, 464, -43, 108
 867, 464, -43, 108
 868, 465, -43, 108
 869, 465, -43, 108
 870, 466, -43, 108
 871, 466, -43, 108
 872, 467, -43, 108
 873, 467, -43, 108
 874, 468, -43, 108
 875, 468, -43, 108
 876, 469, -43, 108
 877, 469, -43, 108
 878, 470, -43, 108
 879, 470, -43, 108
 880, 471, -43, 108
 881, 471, -43, 108
 882, 472, -43, 108
 883, 472, -43, 108
 884, 473, -43, 108
 885, 473, -43, 108
 886, 474, -43, 108
 887, 474, -43, 108
 888, 475, -43, 108
 889, 475, -43, 108
 890, 476, -43, 108
 891, 476, -43, 108
 892, 477, -43, 108
 893, 477, -43, 108
 894, 478, -43, 107
 895, 478, -43, 108
 896, 479, -43, 108
 897, 479, -43, 108
 898, 480, -43, 108
 899, 480, -43, 108
 900, 481, -43, 108
 901, 481, -43, 108
 902, 482, -43, 108
 903, 483, -43, 108
 904, 483, -43, 108
 905, 483, -43, 108
 906, 484, -43, 108
 907, 484, -43, 108
 908, 485, -43, 108
 909, 485, -43, 108
 910, 486, -43, 108
 911, 486, -43, 108
 912, 487, -43, 108
 913, 487, -43, 108
 914, 488, -43, 108
 915, 488, -43, 108
 916, 489, -43, 108
 917, 489, -43, 108
 918, 490, -43, 108
 919, 490, -43, 108
 920, 491, -43, 108
 921, 491, -43, 108
 922, 492, -43, 108
 923, 492, -43, 108
 924, 493, -43, 108
 925, 493, -43, 108
 926, 494, -43, 108
 927, 494, -43, 108
 928, 495, -43, 108
 929, 495, -43, 108
 930, 496, -43, 108
 931, 496, -43, 108
 932, 497, -43, 108
 933, 497, -43, 108
 934, 498, -43, 108
 935, 498, -43, 108
 936, 499, -43, 107
 937, 499, -43, 108
 938, 500, -43, 108
 939, 500, -43, 108
 940, 501, -43, 108
 941, 501, -43, 108
 942, 502, -43, 108
 943, 502, -43, 108
 944, 503, -43, 108
 945, 503, -43, 108
 946, 504, -43, 108
 947, 504, -43, 108
 948, 505, -43, 108
 949, 505, -43, 108
 950, 506, -43, 108
 951, 506, -43, 108
 952, 507, -43, 108
 953, 507, -43, 107
 954, 508, -43, 108
 955, 508, -43, 108
 956, 509, -43, 108
 957, 509, -43, 108
 958, 510, -43, 108
 959, 511, -43, 108
 960, 511, -43, 108
 961, 511, -43, 108
 962, 512, -43, 108
 963, 512, -43, 108
 964, 513, -43, 108
 965, 513, -43, 108
 966, 514, -43, 108
 967, 514, -43, 108
 968, 515, -43, 108
 969, 515, -43, 108
 970, 516, -43, 108
 971, 516, -43, 108
 972, 517, -43, 108
 973, 517, -43, 108
 974, 518, -43, 108
 975, 518, -43, 108
 976, 519, -43, 108
 977, 519, -43, 107
 978, 520, -43, 108
 979, 520, -43, 108
 980, 521, -43, 108
 981, 522, -43, 108
 982, 522, -43, 108
 983, 522, -43, 108
 984, 523, -43, 108
 985, 523, -43, 108
 986, 524, -43, 108
 987, 524, -43, 108
 988, 525, -43, 108
 989, 525, -43, 108
 990, 526, -43, 108
 991, 526, -43, 108
 992, 527, -43, 108
 993, 527, -43, 108
 994, 528, -43, 108
 995, 528, -43, 108
 996, 529, -43, 108
 997, 529, -43, 108
 998, 530, -43, 108
 999, 530, -43, 108
 1000, 531, -43, 108
 1001, 531, -43, 108
 1002, 532, -43, 108
 1003, 532, -43, 108
 1004, 533, -43, 100
 1005, 533, -43, 108
 1006, 534, -43, 108
 1007, 534, -43, 108
 1008, 535, -42, 108
 1009, 535, -43, 108
 1010, 536, -43, 108
 1011, 536, -43, 108
 1012, 537, -43, 108
 1013, 537, -43, 108
 1014, 538, -43, 108
 1015, 538, -42, 108
 1016, 539, -42, 107
 1017, 539, -42, 108
 1018, 540, -42, 108
 1019, 540, -43, 108
 1020, 541, -43, 108
 1021, 541, -43, 108
 1022, 542, -43, 108
 1023, 542, -43, 108
 1024, 543, -43, 108
 1025, 543, -43, 108
 1026, 544, -43, 108
 1027, 544, -43, 108
 1028, 545, -43, 107
 1029, 545, -43, 108
 1030, 546, -43, 108
 1031, 546, -43, 108
 1032, 547, -43, 108
 1033, 547, -43, 108
 1034, 548, -43, 108
 1035, 548, -43, 108
 1036, 549, -43, 108
 1037, 549, -43, 108
 1038, 550, -43, 108
 1039, 550, -43, 108
 1040, 551, -43, 108
 1041, 551, -43, 108
 1042, 552, -43, 108
 1043, 552, -43, 108
 1044, 553, -44, 108
 1045, 554, -43, 31
 1046, 554, -43, 89
 1047, 554, -43, 108
 1048, 555, -43, 107
 1049, 555, -43, 108
 1050, 556, -43, 108
 1051, 556, -43, 108
 1052, 557, -43, 108
 1053, 557, -43, 108
 1054, 558, -43, 108
 1055, 558, -43, 108
 1056, 559, -43, 108
 1057, 559, -43, 108
 1058, 560, -43, 108
 1059, 560, -43, 108
 1060, 561, -43, 107
 1061, 561, -43, 108
 1062, 562, -43, 108
 1063, 562, -43, 108
 1064, 563, -43, 108
 1065, 563, -43, 108
 1066, 564, -43, 108
 1067, 565, -43, 108
 1068, 565, -43, 108
 1069, 565, -43, 108
 1070, 566, -43, 108
 1071, 566, -43, 108
 1072, 567, -43, 107
 1073, 567, -43, 108
 1074, 568, -43, 108
 1075, 568, -43, 108
 1076, 569, -43, 108
 1077, 569, -43, 108
 1078, 570, -43, 108
 1079, 570, -43, 108
 1080, 571, -43, 108
 1081, 571, -43, 108
 1082, 572, -43, 108
 1083, 572, -43, 108
 1084, 573, -43, 108
 1085, 573, -43, 108
 1086, 574, -43, 108
 1087, 574, -43, 108
 1088, 575, -43, 108
 1089, 575, -43, 108
 1090, 576, -43, 108
 1091, 576, -43, 108
 1092, 577, -43, 108
 1093, 577, -43, 108
 1094, 578, -43, 108
 1095, 578, -43, 108
 1096, 579, -43, 107
 1097, 579, -43, 108
 1098, 580, -43, 108
 1099, 580, -43, 108
 1100, 581, -43, 108
 1101, 582, -44, 108
 1102, 582, -43, 108
 1103, 582, -43, 108
 1104, 583, -43, 108
 1105, 583, -43, 108
 1106, 584, -43, 108
 1107, 584, -43, 108
 1108, 585, -43, 108
 1109, 585, -43, 108
 1110, 586, -43, 107
 1111, 586, -43, 108
 1112, 587, -43, 108
 1113, 587, -43, 108
 1114, 588, -43, 108
 1115, 588, -43, 108
 1116, 589, -43, 108
 1117, 589, -43, 108
 1118, 590, -43, 108
 1119, 590, -43, 108
 1120, 591, -43, 108
 1121, 591, -43, 108
 1122, 592, -43, 108
 1123, 593, -43, 108
 1124, 593, -43, 108
 1125, 593, -43, 108
 1126, 594, -43, 108
 1127, 594, -43, 108
 1128, 595, -43, 107
 1129, 595, -43, 108
 1130, 596, -43, 108
 1131, 597, -43, 108
 1132, 597, -43, 108
 1133, 597, -43, 108
 1134, 598, -43, 108
 1135, 598, -43, 108
 1136, 599, -43, 108
 1137, 599, -43, 108
 1138, 600, -43, 108
 1139, 600, -43, 108
 1140, 601, -43, 108
 1141, 601, -43, 108
 1142, 602, -43, 108
 1143, 602, -43, 108
 1144, 603, -43, 108
 1145, 603, -43, 108
 1146, 604, -43, 108
 1147, 604, -43, 108
 1148, 605, -43, 108
 1149, 605, -43, 108
 1150, 606, -43, 108
 1151, 606, -43, 108
 1152, 607, -43, 108
 1153, 607, -43, 107
 1154, 608, -43, 108
 1155, 608, -43, 108
 1156, 609, -43, 108
 1157, 609, -43, 108
 1158, 610, -43, 108
 1159, 610, -43, 108
 1160, 611, -43, 108
 1161, 611, -43, 108
 1162, 612, -43, 108
 1163, 612, -43, 108
 1164, 613, -43, 108
 1165, 613, -43, 107
 1166, 614, -43, 108
 1167, 614, -43, 108
 1168, 615, -43, 108
 1169, 615, -43, 108
 1170, 616, -43, 108
 1171, 616, -43, 107
 1172, 617, -43, 108
 1173, 617, -43, 108
 1174, 618, -43, 108
 1175, 618, -43, 108
 1176, 619, -42, 108
 1177, 619, -42, 108
 1178, 620, -42, 108
 1179, 620, -42, 108
 1180, 621, -42, 108
 1181, 621, -42, 108
 1182, 622, -42, 108
 1183, 622, -42, 108
 1184, 623, -42, 107
 1185, 623, -42, 108
 1186, 624, -42, 108
 1187, 624, -42, 108
 1188, 625, -42, 107
 1189, 625, -42, 108
 1190, 626, -42, 108
 1191, 626, -42, 108
 1192, 627, -42, 108
 1193, 627, -42, 108
 1194, 628, -42, 108
 1195, 628, -42, 108
 1196, 629, -42, 108
 1197, 629, -42, 107
 1198, 630, -42, 108
 1199, 630, -42, 108
 1200, 631, -42, 108
 1201, 631, -42, 108
 1202, 632, -42, 108
 1203, 632, -42, 108
 1204, 633, -42, 108
 1205, 633, -42, 108
 1206, 634, -42, 108
 1207, 634, -42, 108
 1208, 635, -42, 108
 1209, 635, -42, 108
 1210, 636, -42, 108
 1211, 636, -42, 108
 1212, 637, -42, 108
 1213, 637, -42, 108
 1214, 638, -42, 108
 1215, 638, -42, 108
 1216, 639, -42, 108
 1217, 639, -42, 108
 1218, 640, -42, 108
 1219, 640, -42, 108
 1220, 641, -42, 107
 1221, 641, -42, 108
 1222, 642, -42, 108
 1223, 642, -42, 108
 1224, 643, -42, 108
 1225, 643, -42, 108
 1226, 644, -42, 108
 1227, 644, -42, 107
 1228, 645, -42, 108
 1229, 645, -42, 108
 1230, 646, -42, 108
 1231, 646, -42, 108
 1232, 647, -42, 108
 1233, 647, -42, 108
 1234, 648, -42, 108
 1235, 648, -42, 108
 1236, 649, -42, 107
 1237, 649, -42, 108
 1238, 650, -42, 107
 1239, 650, -42, 108
 1240, 651, -42, 108
 1241, 651, -42, 108
 1242, 652, -42, 108
 1243, 652, -42, 108
 1244, 653, -42, 107
 1245, 653, -42, 108
 1246, 654, -42, 108
 1247, 654, -42, 108
 1248, 655, -42, 108
 1249, 655, -42, 108
 1250, 656, -42, 108
 1251, 657, -42, 108
 1252, 657, -42, 108
 1253, 657, -42, 108
 1254, 658, -42, 107
 1255, 658, -42, 108
 1256, 659, -42, 108
 1257, 659, -42, 108
 1258, 660, -42, 108
 1259, 660, -42, 107
 1260, 661, -42, 108
 1261, 661, -42, 108
 1262, 662, -42, 108
 1263, 662, -42, 108
 1264, 663, -42, 108
 1265, 664, -42, 108
 1266, 664, -42, 107
 1267, 664, -42, 108
 1268, 665, -42, 108
 1269, 665, -42, 108
 1270, 666, -42, 108
 1271, 666, -42, 108
 1272, 667, -42, 108
 1273, 667, -42, 108
 1274, 668, -42, 108
 1275, 668, -42, 108
 1276, 669, -42, 108
 1277, 669, -42, 108
 1278, 670, -42, 108
 1279, 670, -42, 108
 1280, 671, -42, 108
 1281, 672, -42, 108
 1282, 672, -42, 108
 1283, 672, -42, 108
 1284, 673, -42, 108
 1285, 673, -42, 108
 1286, 674, -42, 108
 1287, 674, -42, 107
 1288, 675, -42, 108
 1289, 675, -42, 108
 1290, 676, -42, 108
 1291, 676, -42, 108
 1292, 677, -42, 108
 1293, 677, -42, 108
 1294, 678, -42, 108
 1295, 678, -42, 108
 1296, 679, -42, 108
 1297, 679, -42, 108
 1298, 680, -42, 108
 1299, 680, -42, 108
 1300, 681, -42, 108
 1301, 681, -42, 108
 1302, 682, -42, 108
 1303, 682, -42, 108
 1304, 683, -42, 107
 1305, 683, -42, 108
 1306, 684, -42, 108
 1307, 684, -42, 108
 1308, 685, -43, 108
 1309, 685, -42, 108
 1310, 686, -42, 108
 1311, 686, -42, 108
 1312, 687, -42, 108
 1313, 687, -42, 108
 1314, 688, -42, 108
 1315, 688, -42, 107
 1316, 689, -42, 108
 1317, 689, -42, 108
 1318, 690, -42, 108
 1319, 691, -42, 108
 1320, 691, -42, 108
 1321, 691, -42, 108
 1322, 692, -42, 108
 1323, 692, -42, 108
 1324, 693, -42, 108
 1325, 693, -42, 108
 1326, 694, -42, 108
 1327, 694, -42, 108
 1328, 695, -42, 108
 1329, 695, -42, 108
 1330, 696, -42, 107
 1331, 696, -42, 108
 1332, 697, -42, 108
 1333, 697, -42, 108
 1334, 698, -42, 108
 1335, 698, -42, 108
 1336, 699, -42, 108
 1337, 699, -42, 108
 1338, 700, -42, 108
 1339, 700, -42, 108
 1340, 701, -42, 108
 1341, 701, -42, 108
 1342, 702, -42, 108
 1343, 702, -42, 108
 1344, 703, -42, 108
 1345, 703, -42, 108
 1346, 704, -42, 107
 1347, 704, -42, 108
 1348, 705, -42, 108
 1349, 705, -42, 108
 1350, 706, -42, 108
 1351, 706, -41, 108
 1352, 707, -42, 107
 1353, 707, -42, 108
 1354, 708, -42, 108
 1355, 708, -42, 107
 1356, 709, -42, 108
 1357, 709, -42, 108
 1358, 710, -42, 108
 1359, 710, -42, 108
 1360, 711, -42, 108
 1361, 711, -42, 108
 1362, 712, -42, 108
 1363, 712, -42, 108
 1364, 713, -42, 108
 1365, 713, -42, 108
 1366, 714, -42, 108
 1367, 714, -42, 108
 1368, 715, -42, 108
 1369, 715, -42, 57
 1370, 716, -42, 108
 1371, 716, -42, 108
 1372, 717, -42, 108
 1373, 717, -42, 108
 1374, 718, -42, 108
 1375, 718, -42, 108
 1376, 719, -42, 108
 1377, 719, -42, 107
 1378, 720, -42, 108
 1379, 720, -42, 108
 1380, 721, -42, 108
 1381, 721, -42, 108
 1382, 722, -42, 108
 1383, 722, -42, 108
 1384, 723, -42, 108
 1385, 723, -42, 108
 1386, 724, -42, 108
 1387, 724, -42, 108
 1388, 725, -42, 108
 1389, 725, -42, 108
 1390, 726, -42, 108
 1391, 726, -42, 108
 1392, 727, -42, 108
 1393, 727, -42, 107
 1394, 728, -42, 108
 1395, 728, -42, 108
 1396, 729, -42, 108
 1397, 729, -42, 108
 1398, 730, -42, 107
 1399, 730, -42, 108
 1400, 731, -42, 108
 1401, 731, -42, 108
 1402, 732, -42, 108
 1403, 732, -42, 108
 1404, 733, -42, 108
 1405, 733, -42, 108
 1406, 734, -42, 107
 1407, 734, -42, 108
 1408, 735, -42, 108
 1409, 735, -42, 108
 1410, 736, -42, 108
 1411, 736, -42, 108
 1412, 737, -42, 108
 1413, 737, -42, 108
 1414, 738, -42, 107
 1415, 738, -42, 108
 1416, 739, -42, 108
 1417, 739, -42, 108
 1418, 740, -42, 108
 1419, 740, -42, 108
 1420, 741, -42, 108
 1421, 741, -42, 108
 1422, 742, -42, 108
 1423, 742, -42, 108
 1424, 743, -42, 108
 1425, 743, -42, 108
 1426, 744, -42, 108
 1427, 744, -42, 108
 1428, 745, -42, 108
 1429, 745, -42, 108
 1430, 746, -42, 108
 1431, 746, -42, 108
 1432, 747, -42, 108
 1433, 747, -42, 108
 1434, 748, -42, 108
 1435, 748, -42, 108
 1436, 749, -42, 108
 1437, 749, -42, 108
 1438, 750, -42, 108
 1439, 750, -42, 108
 1440, 751, -42, 108
 1441, 751, -42, 108
 1442, 752, -42, 108
 1443, 752, -42, 108
 1444, 753, -42, 108
 1445, 753, -42, 108
 1446, 754, -42, 108
 1447, 754, -43, 108
 1448, 755, -42, 108
 1449, 755, -42, 108
 1450, 756, -42, 107
 1451, 756, -42, 108
 1452, 757, -42, 108
 1453, 757, -42, 108
 1454, 758, -42, 108
 1455, 758, -42, 108
 1456, 759, -42, 108
 1457, 759, -42, 108
 1458, 760, -42, 108
 1460, 761, -42, 108
 1461, 761, -42, 108
 1462, 762, -42, 107
 1463, 762, -42, 108
 1464, 763, -42, 108
 1465, 763, -42, 108
 1466, 764, -42, 108
 1467, 764, -42, 108
 1468, 765, -42, 108
 1469, 765, -42, 108
 1470, 766, -42, 108
 1471, 766, -42, 108
 1472, 767, -42, 108
 1473, 767, -43, 108
 1474, 768, -43, 107
 1475, 768, -42, 108
 1476, 769, -43, 108
 1477, 769, -43, 108
 1478, 770, -42, 108
 1479, 770, -42, 108
 1480, 771, -42, 108
 1481, 771, -43, 108
 1482, 772, -42, 108
 1483, 772, -43, 108
 1484, 773, -43, 108
 1485, 773, -43, 108
 1486, 774, -43, 108
 1487, 774, -42, 108
 1488, 775, -43, 108
 1489, 775, -43, 108
 1490, 776, -43, 107
 1491, 776, -42, 108
 1492, 777, -43, 108
 1493, 777, -43, 108
 1494, 778, -42, 108
 1495, 778, -42, 108
 1496, 779, -42, 108
 1497, 779, -42, 108
 1498, 780, -42, 108
 1499, 780, -42, 108
 1500, 781, -42, 108
 1501, 781, -42, 108
 1502, 782, -42, 108
 1503, 782, -42, 108
 1504, 783, -42, 108
 1505, 783, -42, 108
 1506, 784, -42, 108
 1507, 784, -42, 108
 1508, 785, -42, 108
 1509, 785, -42, 108
 1510, 786, -42, 108
 1511, 786, -42, 108
 1512, 787, -42, 108
 1513, 787, -43, 108
 1514, 788, -43, 108
 1515, 788, -42, 107
 1516, 789, -42, 108
 1517, 789, -42, 108
 1518, 790, -42, 108
 1519, 790, -43, 108
 1520, 791, -43, 108
 1521, 791, -43, 108
 1522, 792, -43, 108
 1523, 792, -43, 108
 1524, 793, -43, 108
 1525, 793, -43, 108
 1526, 794, -43, 108
 1527, 794, -43, 47
 1528, 795, -43, 108
 1529, 795, -43, 107
 1530, 796, -43, 108
 1531, 796, -43, 107
 1532, 797, -43, 107
 1533, 797, -43, 108
 1534, 798, -43, 108
 1535, 798, -43, 108
 1536, 799, -43, 108
 1537, 799, -43, 108
 1538, 800, -42, 108
 1539, 800, -43, 108
 1540, 801, -43, 108
 1541, 801, -43, 107
 1542, 802, -43, 107
 1543, 802, -42, 108
 1544, 803, -42, 108
 1545, 803, -43, 108
 1546, 804, -43, 108
 1547, 804, -43, 107
 1548, 805, -43, 108
 1549, 805, -43, 108
 1550, 806, -43, 107
 1551, 806, -43, 108
 1552, 807, -42, 108
 1553, 807, -43, 108
 1554, 808, -43, 108
 1555, 808, -43, 108
 1556, 809, -42, 30
 1557, 809, -43, 108
 1558, 810, -43, 108
 1559, 811, -43, 108
 1560, 811, -43, 108
 1561, 811, -43, 108
 1562, 812, -43, 108
 1563, 812, -43, 108
 1564, 813, -43, 107
 1565, 813, -42, 107
 1566, 814, -42, 108
 1567, 814, -42, 107
 1568, 815, -42, 108
 1569, 815, -42, 108
 1570, 816, -43, 108
 1571, 816, -43, 108
 1572, 817, -42, 108
 1573, 817, -42, 108
 1574, 818, -42, 108
 1575, 818, -42, 108
 1576, 819, -42, 108
 1577, 819, -43, 108
 1578, 820, -42, 107
 1579, 820, -43, 108
 1580, 821, -42, 108
 1581, 821, -42, 108
 1582, 822, -42, 107
 1583, 822, -42, 108
 1584, 823, -42, 108
 1585, 823, -42, 108
 1586, 824, -42, 108
 1587, 824, -42, 108
 1588, 825, -42, 108
 1589, 825, -42, 108
 1590, 826, -42, 108
 1591, 826, -42, 108
 1592, 827, -42, 108
 1593, 827, -43, 108
 1594, 828, -43, 108
 1595, 828, -43, 108
 1596, 829, -42, 108
 1597, 829, -42, 108
 1598, 830, -43, 108
 1599, 830, -43, 108
 1600, 831, -42, 31
 1601, 831, -43, 37
 1602, 832, -43, 108
 1603, 832, -43, 108
 1604, 833, -42, 108
 1605, 833, -42, 108
 1606, 834, -42, 107
 1607, 834, -42, 108
 1608, 835, -42, 108
 1609, 835, -42, 108
 1610, 836, -43, 108
 1611, 836, -42, 108
 1612, 837, -43, 108
 1613, 837, -42, 108
 1614, 838, -42, 107
 1615, 838, -42, 108
 1616, 839, -42, 108
 1617, 839, -42, 107
 1618, 840, -43, 108
 1619, 840, -42, 108
 1620, 841, -42, 108
 1621, 841, -42, 108
 1622, 842, -42, 108
 1623, 842, -42, 108
 1624, 843, -42, 108
 1625, 843, -42, 108
 1626, 844, -42, 108
 1627, 844, -42, 108
 1628, 845, -42, 108
 1629, 845, -43, 108
 1630, 846, -42, 108
 1631, 846, -42, 108
 1632, 847, -42, 108
 1633, 847, -43, 108
 1634, 848, -43, 108
 1635, 848, -43, 108
 1636, 849, -42, 108
 1637, 849, -42, 108
 1638, 850, -42, 108
 1639, 850, -42, 108
 1640, 851, -43, 108
 1641, 851, -42, 108
 1642, 852, -43, 108
 1643, 852, -42, 108
 1644, 853, -43, 108
 1645, 853, -43, 108
 1646, 854, -42, 108
 1647, 854, -42, 108
 1648, 855, -43, 108
 1649, 855, -42, 108
 1650, 856, -43, 108
 1651, 856, -45, 108
 1652, 857, -42, 108
 1653, 857, -42, 108
 1654, 858, -42, 108
 1655, 858, -42, 108
 1656, 859, -43, 108
 1657, 859, -42, 108
 1658, 860, -42, 108
 1659, 860, -42, 108
 1660, 861, -42, 108
 1661, 861, -42, 108
 1662, 862, -42, 108
 1663, 862, -43, 108
 1664, 863, -43, 108
 1665, 863, -43, 108
 1666, 864, -43, 108
 1667, 865, -43, 108
 1668, 865, -43, 108
 1669, 865, -43, 108
 1670, 866, -43, 108
 1671, 866, -42, 108
 1672, 867, -42, 107
 1673, 867, -43, 108
 1674, 868, -42, 108
 1675, 868, -42, 108
 1676, 869, -43, 108
 1677, 869, -43, 108
 1678, 870, -43, 108
 1679, 870, -43, 108
 1680, 871, -43, 108
 1681, 871, -42, 108
 1682, 872, -43, 107
 1683, 872, -43, 108
 1684, 873, -43, 108
 1685, 873, -42, 108
 1686, 874, -42, 107
 1687, 874, -42, 108
 1688, 875, -42, 108
 1689, 875, -42, 108
 1690, 876, -42, 108
 1691, 876, -42, 108
 1692, 877, -42, 108
 1693, 877, -42, 108
 1694, 878, -42, 108
 1695, 878, -42, 108
 1696, 879, -42, 108
 1697, 879, -42, 108
 1698, 880, -42, 108
 1699, 880, -42, 108
 1700, 881, -42, 108
 1701, 881, -42, 108
 1702, 882, -42, 108
 1703, 882, -42, 108
 1704, 883, -42, 108
 1705, 883, -42, 108
 1706, 884, -42, 108
 1707, 884, -42, 108
 1708, 885, -42, 108
 1709, 885, -42, 108
 1710, 886, -42, 108
 1711, 886, -42, 108
 1712, 887, -42, 108
 1713, 887, -42, 108
 1714, 888, -42, 108
 1715, 888, -42, 108
 1716, 889, -42, 108
 1717, 889, -42, 108
 1718, 890, -42, 108
 1719, 890, -42, 108
 1720, 891, -42, 108
 1721, 891, -42, 108
 1722, 892, -42, 108
 1723, 892, -42, 108
 1724, 893, -42, 108
 1725, 893, -42, 108
 1726, 894, -42, 108
 1727, 894, -42, 108
 1728, 895, -41, 108
 1729, 895, -42, 108
 1730, 896, -42, 108
 1731, 896, -42, 108
 1732, 897, -42, 108
 1733, 897, -42, 108
 1734, 898, -42, 108
 1735, 898, -42, 108
 1736, 899, -42, 108
 1737, 899, -42, 108
 1738, 900, -42, 107
 1739, 900, -42, 108
 1740, 901, -43, 108
 1741, 901, -43, 108
 1742, 902, -43, 108
 1743, 902, -43, 108
 1744, 903, -43, 108
 1745, 903, -43, 108
 1746, 904, -42, 108
 1747, 904, -42, 108
 1748, 905, -42, 108
 1749, 905, -42, 108
 1750, 906, -42, 108
 1751, 906, -42, 108
 1752, 907, -41, 108
 1753, 907, -42, 108
 1754, 908, -41, 108
 1755, 908, -41, 108
 1756, 909, -41, 108
 1757, 909, -41, 108
 1758, 910, -42, 108
 1759, 910, -41, 108
 1760, 911, -41, 108
 1761, 911, -41, 108
 1762, 912, -41, 108
 1763, 912, -41, 108
 1764, 913, -41, 108
 1765, 913, -41, 108
 1766, 914, -41, 108
 1767, 914, -42, 108
 1768, 915, -42, 108
 1769, 915, -42, 108
 1770, 916, -42, 108
 1771, 916, -42, 104
 1772, 917, -42, 108
 1773, 917, -42, 108
 1774, 918, -41, 108
 1775, 918, -41, 108
 1776, 919, -41, 108
 1777, 919, -41, 108
 1778, 920, -41, 108
 1779, 920, -41, 108
 1780, 921, -41, 108
 1781, 921, -41, 108
 1782, 922, -41, 108
 1783, 922, -40, 108
 1784, 923, -41, 108
 1785, 923, -41, 107
 1786, 924, -41, 107
 1787, 924, -41, 108
 1788, 925, -43, 107
 1789, 925, -42, 108
 1790, 926, -43, 107
 1791, 926, -43, 108
 1792, 927, -43, 108
 1793, 927, -41, 108
 1794, 928, -41, 108
 1795, 928, -41, 108
 1796, 929, -41, 108
 1797, 929, -41, 108
 1798, 930, -41, 108
 1799, 930, -41, 108
 1800, 931, -41, 108
 1801, 931, -41, 108
 1802, 932, -41, 108
 1803, 932, -41, 108
 1804, 933, -41, 108
 1805, 933, -41, 108
 1806, 934, -41, 108
 1807, 934, -41, 108
 1808, 935, -40, 108
 1809, 935, -41, 108
 1810, 936, -41, 108
 1811, 936, -42, 108
 1812, 937, -42, 108
 1813, 937, -43, 108
 1814, 938, -43, 108
 1815, 938, -43, 108
 1816, 939, -43, 108
 1817, 939, -43, 108
