 75, 67, -56, 107
 76, 68, -63, 108
 77, 68, -54, 108
 78, 69, -54, 107
 79, 69, -54, 107
 80, 70, -57, 107
 81, 70, -55, 107
 82, 71, -57, 107
 83, 71, -54, 108
 84, 72, -55, 107
 85, 72, -55, 107
 86, 73, -54, 107
 87, 73, -54, 107
 88, 74, -54, 107
 89, 74, -55, 107
 90, 75, -55, 107
 91, 75, -57, 107
 92, 76, -54, 107
 93, 76, -57, 107
 94, 77, -55, 107
 95, 77, -55, 108
 96, 78, -55, 107
 97, 78, -55, 106
 98, 79, -57, 107
 99, 79, -56, 108
 100, 80, -55, 107
 101, 80, -56, 107
 102, 81, -55, 107
 103, 81, -57, 107
 104, 82, -57, 108
 105, 82, -57, 107
 106, 83, -55, 106
 107, 83, -56, 107
 108, 84, -55, 107
 109, 84, -56, 108
 110, 85, -56, 106
 111, 85, -56, 108
 112, 86, -56, 107
 113, 86, -56, 107
 114, 87, -57, 107
 115, 87, -56, 107
 116, 88, -57, 107
 117, 88, -57, 108
 118, 89, -56, 108
 119, 89, -56, 107
 120, 90, -57, 107
 121, 90, -57, 107
 122, 91, -56, 106
 123, 91, -58, 107
 124, 92, -59, 107
 125, 92, -59, 107
 126, 93, -59, 107
 127, 93, -59, 107
 128, 94, -56, 107
 129, 94, -57, 106
 130, 95, -55, 108
 131, 95, -55, 107
 132, 96, -56, 106
 133, 96, -56, 106
 134, 97, -56, 107
 135, 97, -56, 107
 136, 98, -55, 107
 137, 98, -55, 107
 138, 99, -55, 107
 139, 99, -55, 108
 140, 100, -55, 107
 141, 100, -56, 107
 142, 101, -55, 107
 143, 101, -56, 107
 144, 102, -56, 107
 145, 102, -55, 107
 146, 103, -55, 108
 147, 103, -55, 107
 148, 104, -55, 107
 149, 104, -56, 107
 150, 105, -56, 107
 151, 105, -55, 107
 152, 106, -56, 106
 153, 106, -57, 107
 154, 107, -57, 107
 155, 107, -57, 107
 156, 108, -56, 107
 157, 108, -57, 107
 158, 109, -57, 107
 159, 109, -56, 107
 160, 110, -57, 107
 161, 110, -57, 107
 162, 111, -55, 107
 163, 111, -57, 107
 164, 112, -58, 107
 165, 112, -57, 107
 166, 113, -57, 107
 167, 113, -56, 107
 168, 114, -55, 107
 169, 114, -55, 107
 170, 115, -56, 107
 171, 115, -56, 107
 172, 116, -55, 107
 173, 116, -56, 108
 174, 117, -56, 107
 175, 117, -57, 107
 176, 118, -56, 107
 177, 118, -56, 107
 178, 119, -56, 107
 179, 119, -56, 107
 180, 120, -55, 107
 181, 120, -55, 107
 182, 121, -56, 107
 183, 121, -56, 107
 184, 122, -56, 107
 185, 122, -57, 107
 186, 123, -56, 107
 187, 123, -57, 107
 188, 124, -56, 108
 189, 124, -56, 107
 190, 125, -57, 107
 191, 125, -57, 107
 192, 126, -57, 107
 193, 126, -56, 107
 194, 127, -57, 107
 195, 127, -56, 107
 196, 128, -56, 108
 197, 128, -56, 107
 198, 129, -55, 107
 199, 129, -56, 107
 200, 130, -55, 108
 201, 130, -55, 108
 202, 131, -55, 108
 203, 131, -55, 107
 204, 132, -55, 108
 205, 132, -55, 107
 206, 133, -55, 108
 207, 133, -55, 107
 208, 134, -57, 107
 209, 134, -55, 107
 210, 135, -55, 107
 211, 135, -57, 108
 212, 136, -56, 107
 213, 136, -58, 106
 214, 137, -57, 107
 215, 137, -56, 107
 216, 138, -54, 108
 217, 138, -55, 108
 218, 139, -55, 107
 219, 139, -55, 106
 220, 140, -54, 108
 221, 140, -57, 107
 222, 141, -55, 107
 223, 141, -56, 107
 224, 142, -55, 107
 225, 142, -55, 106
 226, 143, -55, 107
 227, 143, -55, 107
 228, 144, -56, 107
 229, 144, -56, 107
 230, 145, -55, 107
 231, 145, -56, 108
 232, 146, -55, 107
 233, 146, -55, 107
 234, 147, -55, 107
 235, 147, -56, 107
 236, 148, -55, 107
 237, 148, -57, 107
 238, 149, -57, 107
 239, 149, -56, 107
 240, 150, -55, 108
 241, 150, -57, 107
 242, 151, -54, 107
 243, 151, -55, 107
 244, 152, -55, 107
 245, 152, -56, 107
 246, 153, -55, 107
 247, 153, -57, 107
 248, 154, -56, 107
 249, 154, -55, 107
 250, 155, -55, 107
 251, 155, -55, 107
 252, 156, -55, 107
 253, 156, -55, 107
 254, 157, -55, 107
 255, 157, -57, 107
 256, 158, -56, 107
 257, 158, -55, 107
 258, 159, -55, 107
 259, 159, -55, 107
 260, 160, -55, 107
 261, 160, -55, 107
 262, 161, -55, 107
 263, 161, -56, 107
 264, 162, -55, 108
 265, 162, -55, 107
 266, 163, -54, 107
 267, 163, -55, 107
 268, 164, -55, 107
 269, 164, -54, 108
 270, 165, -55, 107
 271, 165, -55, 108
 272, 166, -57, 107
 273, 166, -55, 108
 274, 167, -54, 107
 275, 167, -56, 107
 276, 168, -55, 107
 277, 168, -55, 107
 278, 169, -57, 107
 279, 169, -57, 107
 280, 170, -57, 107
 281, 170, -55, 107
 282, 171, -59, 107
 283, 171, -56, 107
 284, 172, -56, 107
 285, 172, -54, 107
 286, 173, -57, 106
 287, 173, -55, 107
 288, 174, -56, 107
 289, 174, -55, 107
 290, 175, -57, 108
 291, 175, -55, 107
 292, 176, -55, 106
 293, 176, -56, 108
 294, 177, -55, 106
 295, 177, -55, 108
 296, 178, -55, 107
 297, 178, -55, 107
 298, 179, -56, 107
 299, 179, -57, 107
 300, 180, -56, 107
 301, 180, -55, 107
 302, 181, -56, 107
 303, 181, -55, 108
 304, 182, -55, 107
 305, 182, -55, 108
 306, 183, -56, 107
 307, 183, -56, 107
 308, 184, -56, 107
 309, 184, -56, 106
 310, 185, -56, 108
 311, 185, -57, 107
 312, 186, -56, 108
 313, 186, -55, 107
 314, 187, -56, 107
 315, 187, -56, 107
 316, 188, -55, 107
 317, 188, -55, 108
 318, 189, -55, 107
 319, 189, -54, 107
 320, 190, -57, 107
 321, 190, -57, 107
 322, 191, -58, 107
 323, 191, -55, 107
 324, 192, -55, 107
 325, 192, -54, 107
 326, 193, -54, 107
 327, 193, -55, 108
 328, 194, -54, 108
 329, 194, -54, 107
 330, 195, -55, 107
 331, 195, -55, 107
 332, 196, -55, 107
 333, 196, -55, 107
 334, 197, -55, 107
 335, 197, -55, 107
 336, 198, -54, 107
 337, 198, -55, 108
 338, 199, -54, 107
 339, 199, -54, 107
 340, 200, -54, 107
 341, 200, -54, 107
 342, 201, -54, 107
 343, 201, -55, 107
 344, 202, -55, 107
 345, 202, -55, 107
 346, 203, -54, 107
 347, 203, -55, 107
 348, 204, -55, 108
 349, 204, -55, 107
 350, 205, -55, 107
 351, 205, -55, 107
 352, 206, -55, 107
 353, 206, -55, 108
 354, 207, -55, 107
 355, 207, -55, 108
 356, 208, -55, 107
 357, 208, -55, 108
 358, 209, -55, 107
 359, 209, -55, 107
 360, 210, -57, 107
 361, 210, -56, 107
 362, 211, -56, 108
 363, 211, -54, 107
 364, 212, -54, 108
 365, 212, -55, 107
 366, 213, -55, 107
 367, 213, -55, 108
 368, 214, -55, 107
 369, 214, -55, 107
 370, 215, -55, 107
 371, 215, -55, 107
 372, 216, -56, 107
 373, 216, -55, 108
 374, 217, -54, 107
 375, 217, -54, 107
 376, 218, -54, 108
 377, 218, -54, 107
 378, 219, -54, 107
 379, 219, -54, 108
 380, 220, -55, 107
 381, 220, -55, 108
 382, 221, -56, 107
 383, 221, -55, 107
 384, 222, -55, 108
 385, 222, -54, 106
 386, 223, -55, 106
 387, 223, -55, 107
 388, 224, -54, 107
 389, 224, -54, 107
 390, 225, -55, 107
 391, 225, -55, 107
 392, 226, -55, 108
 393, 226, -54, 106
 394, 227, -55, 107
 395, 227, -54, 105
 396, 228, -55, 106
 397, 228, -55, 107
 398, 229, -56, 108
 399, 229, -55, 108
 400, 230, -55, 108
 401, 230, -55, 106
 402, 231, -54, 107
 403, 231, -55, 106
 404, 232, -55, 107
 405, 232, -56, 108
 406, 233, -55, 107
 407, 233, -57, 108
 408, 234, -57, 106
 409, 234, -56, 107
 410, 235, -57, 107
 411, 235, -58, 106
 412, 236, -55, 108
 413, 236, -54, 108
 414, 237, -56, 107
 415, 237, -56, 107
 416, 238, -56, 106
 417, 238, -55, 107
 418, 239, -55, 105
 419, 239, -55, 107
 420, 240, -55, 107
 421, 240, -56, 107
 422, 241, -56, 107
 423, 241, -56, 107
 424, 242, -55, 107
 425, 242, -54, 107
 426, 243, -56, 107
 427, 243, -56, 107
 428, 244, -56, 107
 429, 244, -55, 107
 430, 245, -54, 107
 431, 245, -54, 107
 432, 246, -55, 107
 433, 246, -55, 107
 434, 247, -55, 107
 435, 247, -56, 107
 436, 248, -56, 107
 437, 248, -55, 107
 438, 249, -55, 108
 439, 249, -54, 108
 440, 250, -56, 107
 441, 250, -57, 107
 442, 251, -54, 107
 443, 251, -55, 108
 444, 252, -55, 108
 445, 252, -55, 107
 446, 253, -55, 107
 447, 253, -55, 107
 448, 254, -56, 105
 449, 254, -56, 107
 450, 255, -55, 108
 451, 255, -55, 106
 452, 256, -56, 107
 453, 256, -56, 107
 454, 257, -57, 107
 455, 257, -55, 108
 456, 258, -56, 107
 457, 258, -56, 107
 458, 259, -55, 107
 459, 259, -55, 107
 460, 260, -55, 107
 461, 260, -55, 107
 462, 261, -55, 106
 463, 261, -54, 107
 464, 262, -55, 108
 465, 262, -55, 107
 466, 263, -55, 107
 467, 263, -55, 107
 468, 264, -55, 107
 469, 264, -55, 108
 470, 265, -55, 107
 471, 265, -55, 108
 472, 266, -55, 107
 473, 266, -55, 108
 474, 267, -56, 107
 475, 267, -55, 107
 476, 268, -56, 108
 477, 268, -55, 105
 478, 269, -56, 107
 479, 269, -56, 107
 480, 270, -55, 108
 481, 270, -55, 107
 482, 271, -55, 107
 483, 271, -57, 107
 484, 272, -54, 107
 485, 272, -54, 107
 486, 273, -55, 107
 487, 273, -56, 102
 488, 274, -56, 107
 489, 274, -56, 107
 490, 275, -57, 107
 491, 275, -57, 107
 492, 276, -57, 107
 493, 276, -56, 106
 494, 277, -56, 107
 495, 277, -57, 107
 496, 278, -57, 107
 497, 278, -57, 106
 498, 279, -56, 107
 499, 279, -56, 107
 500, 280, -55, 107
 501, 280, -55, 107
 502, 281, -55, 105
 503, 281, -57, 107
 504, 282, -56, 107
 505, 282, -56, 107
 506, 283, -57, 107
 507, 283, -56, 107
 508, 284, -56, 107
 509, 284, -57, 107
 510, 285, -56, 107
 511, 285, -56, 107
 512, 286, -57, 107
 513, 286, -56, 108
 514, 287, -57, 107
 515, 287, -56, 107
 516, 288, -57, 107
 517, 288, -56, 107
 518, 289, -57, 107
 519, 289, -57, 107
 520, 290, -56, 108
 521, 290, -56, 108
 522, 291, -55, 107
 523, 291, -55, 107
 524, 292, -57, 108
 525, 292, -58, 107
 526, 293, -57, 106
 527, 293, -56, 107
 528, 294, -57, 108
 529, 294, -56, 107
 530, 295, -57, 107
 531, 295, -56, 107
 532, 296, -57, 106
 533, 296, -56, 107
 534, 297, -56, 107
 535, 297, -57, 107
 536, 298, -56, 107
 537, 298, -56, 106
 538, 299, -56, 107
 539, 299, -56, 107
 540, 300, -56, 106
 541, 300, -56, 107
 542, 301, -56, 106
 543, 301, -55, 107
 544, 302, -57, 107
 545, 302, -57, 107
 546, 303, -57, 108
 547, 303, -56, 107
 548, 304, -57, 107
 549, 304, -56, 107
 550, 305, -56, 107
 551, 305, -57, 107
 552, 306, -57, 107
 553, 306, -57, 108
 554, 307, -56, 107
 555, 307, -57, 106
 556, 308, -56, 107
 557, 308, -58, 107
 558, 309, -58, 107
 559, 309, -58, 107
 560, 310, -57, 107
 561, 310, -57, 107
 562, 311, -57, 107
 563, 311, -57, 107
 564, 312, -57, 107
 565, 312, -57, 107
 566, 313, -57, 107
 567, 313, -57, 107
 568, 314, -57, 107
 569, 314, -57, 106
 570, 315, -57, 106
 571, 315, -57, 106
 572, 316, -57, 106
 573, 316, -57, 107
 574, 317, -56, 106
 575, 317, -57, 107
 576, 318, -56, 107
 577, 318, -57, 107
 578, 319, -57, 107
 579, 319, -57, 106
 580, 320, -57, 107
 581, 320, -57, 106
 582, 321, -57, 106
 583, 321, -56, 107
 584, 322, -56, 107
 585, 322, -56, 107
 586, 323, -57, 108
 587, 323, -56, 107
 588, 324, -56, 107
 589, 324, -56, 107
 590, 325, -56, 106
 591, 325, -56, 107
 592, 326, -56, 108
 593, 326, -57, 107
 594, 327, -56, 107
 595, 327, -56, 107
 596, 328, -56, 107
 597, 328, -56, 107
 598, 329, -56, 108
 599, 329, -56, 107
 600, 330, -57, 107
 601, 330, -56, 107
 602, 331, -57, 108
 603, 331, -55, 108
 604, 332, -55, 108
 605, 332, -55, 107
 606, 333, -56, 107
 607, 333, -55, 107
 608, 334, -56, 107
 609, 334, -56, 24
 610, 335, -56, 107
 611, 335, -58, 107
 612, 336, -58, 107
 613, 336, -58, 107
 614, 337, -58, 108
 615, 337, -58, 107
 616, 338, -58, 28
 617, 338, -58, 106
 618, 339, -56, 107
 619, 339, -56, 107
 620, 340, -56, 107
 621, 340, -55, 107
 622, 341, -55, 107
 623, 341, -56, 107
 624, 342, -55, 108
 625, 342, -56, 108
 626, 343, -56, 107
 627, 343, -56, 107
 628, 344, -55, 108
 629, 344, -56, 108
 630, 345, -56, 107
 631, 345, -55, 107
 632, 346, -57, 107
 633, 346, -57, 105
 634, 347, -57, 107
 635, 347, -58, 107
 636, 348, -57, 107
 637, 348, -56, 107
 638, 349, -56, 108
 639, 349, -57, 107
 640, 350, -58, 106
 641, 350, -57, 107
 642, 351, -57, 107
 643, 351, -57, 107
 644, 352, -56, 107
 645, 352, -57, 108
 646, 353, -57, 107
 647, 353, -56, 107
 648, 354, -57, 107
 649, 354, -57, 106
 650, 355, -57, 107
 651, 355, -56, 106
 652, 356, -57, 108
 653, 356, -55, 107
 654, 357, -55, 107
 655, 357, -55, 108
 656, 358, -56, 107
 657, 358, -55, 107
 658, 359, -57, 33
 659, 359, -55, 106
 660, 360, -55, 107
 661, 360, -56, 107
 662, 361, -57, 108
 663, 361, -56, 106
 664, 362, -54, 108
 665, 362, -54, 106
 666, 363, -54, 107
 667, 363, -56, 107
 668, 364, -56, 107
 669, 364, -57, 107
 670, 365, -56, 107
 671, 365, -57, 107
 672, 366, -57, 107
 673, 366, -56, 107
 674, 367, -55, 107
 675, 367, -55, 108
 676, 368, -57, 107
 677, 368, -55, 107
 678, 369, -55, 107
 679, 369, -56, 107
 680, 370, -57, 107
 681, 370, -57, 107
 682, 371, -57, 106
 683, 371, -57, 106
 684, 372, -57, 107
 685, 372, -57, 107
 686, 373, -56, 107
 687, 373, -58, 107
 688, 374, -56, 107
 689, 374, -57, 107
 690, 375, -57, 107
 691, 375, -56, 107
 692, 376, -57, 107
 693, 376, -56, 107
 694, 377, -56, 107
 695, 377, -57, 107
 696, 378, -57, 107
 697, 378, -57, 107
 698, 379, -57, 107
 699, 379, -57, 107
 700, 380, -57, 107
 701, 380, -57, 107
 702, 381, -57, 107
 703, 381, -57, 107
 704, 382, -56, 107
 705, 382, -57, 107
 706, 383, -56, 107
 707, 383, -57, 107
 708, 384, -57, 107
 709, 384, -57, 107
 710, 385, -56, 107
 711, 385, -55, 107
 712, 386, -56, 106
 713, 386, -56, 107
 714, 387, -56, 106
 715, 387, -57, 108
 716, 388, -57, 107
 717, 388, -55, 107
 718, 389, -56, 107
 719, 389, -57, 107
 720, 390, -57, 108
 721, 390, -57, 107
 722, 391, -56, 108
 723, 391, -57, 108
 724, 392, -57, 107
 725, 392, -57, 108
 726, 393, -57, 107
 727, 393, -57, 107
 728, 394, -57, 107
 729, 394, -56, 108
 730, 395, -56, 107
 731, 395, -57, 108
 732, 396, -56, 107
 733, 396, -57, 107
 734, 397, -57, 107
 735, 397, -56, 107
 736, 398, -57, 108
 737, 398, -56, 107
 738, 399, -56, 107
 739, 399, -56, 108
 740, 400, -57, 108
 741, 400, -57, 107
 742, 401, -57, 107
 743, 401, -57, 108
 744, 402, -57, 107
 745, 402, -57, 107
 746, 403, -57, 107
 747, 403, -56, 107
 748, 404, -56, 108
 749, 404, -57, 107
 750, 405, -57, 108
 751, 405, -57, 106
 752, 406, -56, 108
 753, 406, -56, 108
 754, 407, -57, 107
 755, 407, -57, 106
 756, 408, -58, 107
 757, 408, -58, 107
 758, 409, -57, 107
 759, 409, -57, 107
 760, 410, -57, 108
 761, 410, -58, 107
 762, 411, -59, 108
 763, 411, -57, 108
 764, 412, -57, 107
 765, 412, -57, 107
 766, 413, -57, 107
 767, 413, -56, 107
 768, 414, -56, 108
 769, 414, -55, 108
 770, 415, -56, 108
 771, 415, -56, 107
 772, 416, -56, 107
 773, 416, -57, 107
 774, 417, -57, 107
 775, 417, -57, 107
 776, 418, -57, 107
 777, 418, -57, 107
 778, 419, -57, 107
 779, 419, -57, 108
 780, 420, -57, 107
 781, 420, -57, 106
 782, 421, -57, 107
 783, 421, -57, 107
 784, 422, -57, 106
 785, 422, -57, 107
 786, 423, -57, 106
 787, 423, -57, 107
 788, 424, -56, 107
 789, 424, -55, 107
 790, 425, -55, 107
 791, 425, -55, 108
 792, 426, -55, 107
 793, 426, -57, 107
 794, 427, -56, 108
 795, 427, -55, 107
 796, 428, -57, 107
 797, 428, -57, 106
 798, 429, -58, 107
 799, 429, -57, 107
 800, 430, -57, 106
 801, 430, -57, 107
 802, 431, -57, 107
 803, 431, -56, 107
 804, 432, -57, 107
 805, 432, -57, 107
 806, 433, -57, 108
 807, 433, -56, 107
 808, 434, -57, 107
 809, 434, -57, 107
 810, 435, -57, 107
 811, 435, -57, 107
 812, 436, -58, 107
 813, 436, -58, 105
 814, 437, -58, 108
 815, 437, -58, 108
 816, 438, -58, 107
 817, 438, -57, 107
 818, 439, -58, 107
 819, 439, -57, 108
 820, 440, -57, 106
 821, 440, -57, 107
 822, 441, -57, 106
 823, 441, -57, 107
 824, 442, -56, 107
 825, 442, -56, 107
 826, 443, -57, 107
 827, 443, -57, 108
 828, 444, -56, 108
 829, 444, -57, 107
 830, 445, -58, 108
 831, 445, -56, 108
 832, 446, -57, 106
 833, 446, -57, 107
 834, 447, -56, 107
 835, 447, -57, 107
 836, 448, -57, 107
 837, 448, -57, 108
 838, 449, -56, 107
 839, 449, -56, 107
 840, 450, -56, 107
 841, 450, -57, 108
 842, 451, -57, 107
 843, 451, -57, 108
 844, 452, -58, 107
 845, 452, -58, 105
 846, 453, -57, 107
 847, 453, -57, 106
 848, 454, -55, 107
 849, 454, -57, 107
 850, 455, -57, 108
 851, 455, -57, 107
 852, 456, -58, 107
 853, 456, -57, 107
 854, 457, -57, 107
 855, 457, -57, 107
 856, 458, -57, 107
 857, 458, -57, 107
 858, 459, -57, 107
 859, 459, -56, 108
 860, 460, -56, 108
 861, 460, -56, 107
 862, 461, -56, 107
 863, 461, -57, 107
 864, 462, -57, 108
 865, 462, -57, 107
 866, 463, -57, 107
 867, 463, -57, 107
 868, 464, -57, 108
 869, 464, -57, 108
 870, 465, -57, 107
 871, 465, -57, 107
 872, 466, -56, 108
 873, 466, -56, 107
 874, 467, -56, 107
 875, 467, -57, 107
 876, 468, -57, 107
 877, 468, -56, 107
 878, 469, -56, 107
 879, 469, -57, 108
 880, 470, -57, 107
 881, 470, -56, 107
 882, 471, -56, 107
 883, 471, -56, 108
 884, 472, -56, 107
 885, 472, -57, 107
 886, 473, -56, 108
 887, 473, -57, 108
 888, 474, -57, 107
 889, 474, -56, 87
 890, 475, -55, 107
 891, 475, -55, 108
 892, 476, -56, 106
 893, 476, -56, 107
 894, 477, -57, 107
 895, 477, -57, 107
 896, 478, -57, 107
 897, 478, -58, 107
 898, 479, -57, 107
 899, 479, -57, 107
 900, 480, -57, 107
 901, 480, -57, 107
 902, 481, -57, 107
 903, 481, -57, 106
 904, 482, -57, 107
 905, 482, -57, 107
 906, 483, -57, 107
 907, 483, -58, 108
 908, 484, -58, 107
 909, 484, -57, 107
 910, 485, -57, 108
 911, 485, -57, 108
 912, 486, -56, 107
 913, 486, -56, 107
 914, 487, -57, 106
 915, 487, -57, 107
 916, 488, -56, 108
 917, 488, -57, 107
 918, 489, -57, 107
 919, 489, -56, 107
 920, 490, -56, 108
 921, 490, -56, 107
 922, 491, -57, 108
 923, 491, -57, 107
 924, 492, -56, 107
 925, 492, -57, 107
 926, 493, -57, 108
 927, 493, -57, 107
 928, 494, -56, 107
 929, 494, -57, 107
 930, 495, -57, 107
 931, 495, -57, 107
 932, 496, -56, 107
 933, 496, -56, 108
 934, 497, -56, 107
 935, 497, -57, 107
 936, 498, -57, 107
 937, 498, -56, 107
 938, 499, -57, 107
 939, 499, -56, 108
 940, 500, -56, 107
 941, 500, -57, 107
 942, 501, -57, 107
 943, 501, -57, 106
 944, 502, -57, 107
 945, 502, -57, 107
 946, 503, -58, 107
 947, 503, -57, 108
 948, 504, -58, 108
 949, 504, -56, 107
 950, 505, -56, 107
 951, 505, -57, 107
 952, 506, -57, 107
 953, 506, -57, 108
 954, 507, -56, 107
 955, 507, -57, 108
 956, 508, -54, 107
 957, 508, -57, 107
 958, 509, -57, 107
 959, 509, -54, 107
 960, 510, -58, 106
 961, 510, -58, 107
 962, 511, -56, 107
 963, 511, -58, 108
 964, 512, -57, 107
 965, 512, -57, 108
 966, 513, -57, 107
 967, 513, -57, 107
 968, 514, -56, 107
 969, 514, -57, 108
 970, 515, -57, 107
 971, 515, -56, 107
 972, 516, -57, 107
 973, 516, -57, 107
 974, 517, -57, 107
 975, 517, -56, 107
 976, 518, -56, 107
 977, 518, -56, 108
 978, 519, -56, 107
 979, 519, -58, 108
 980, 520, -57, 107
 981, 520, -57, 107
 982, 521, -57, 107
 983, 521, -57, 107
 984, 522, -57, 108
 985, 522, -57, 108
 986, 523, -57, 108
 987, 523, -57, 107
 988, 524, -57, 107
 989, 524, -57, 107
 990, 525, -57, 107
 991, 525, -57, 108
 992, 526, -56, 106
 993, 526, -56, 107
 994, 527, -57, 107
 995, 527, -57, 107
 996, 528, -57, 107
 997, 528, -57, 107
 998, 529, -57, 107
 999, 529, -57, 106
 1000, 530, -57, 106
 1001, 530, -57, 107
 1002, 531, -57, 48
 1003, 531, -57, 107
 1004, 532, -57, 106
 1005, 532, -57, 108
 1006, 533, -57, 107
 1007, 533, -57, 106
 1008, 534, -58, 107
 1009, 534, -57, 107
 1010, 535, -57, 107
 1011, 535, -57, 106
 1012, 536, -57, 107
 1013, 536, -57, 107
 1014, 537, -57, 108
 1015, 537, -57, 107
 1016, 538, -56, 107
 1017, 538, -55, 106
 1018, 539, -57, 107
 1019, 539, -56, 107
 1020, 540, -57, 107
 1021, 540, -57, 107
 1022, 541, -57, 107
 1023, 541, -57, 107
 1024, 542, -56, 107
 1025, 542, -57, 107
 1026, 543, -57, 107
 1027, 543, -57, 106
 1028, 544, -57, 107
 1029, 544, -57, 106
 1030, 545, -57, 106
 1031, 545, -57, 107
 1032, 546, -57, 107
 1033, 546, -57, 107
 1034, 547, -58, 108
 1035, 547, -58, 107
 1036, 548, -55, 107
 1037, 548, -57, 107
 1038, 549, -57, 107
 1039, 549, -56, 106
 1040, 550, -57, 107
 1041, 550, -57, 107
 1042, 551, -58, 107
 1043, 551, -59, 108
 1044, 552, -57, 107
 1045, 552, -57, 107
 1046, 553, -57, 107
 1047, 553, -57, 107
 1048, 554, -57, 107
 1049, 554, -57, 107
 1050, 555, -57, 107
 1051, 555, -57, 105
 1052, 556, -56, 107
 1053, 556, -56, 108
 1054, 557, -57, 107
 1055, 557, -57, 107
 1056, 558, -56, 107
 1057, 558, -57, 107
 1058, 559, -57, 107
 1059, 559, -57, 107
 1060, 560, -56, 107
 1061, 560, -56, 107
 1062, 561, -55, 107
 1063, 561, -56, 107
 1064, 562, -55, 107
 1065, 562, -57, 107
 1066, 563, -57, 108
 1067, 563, -56, 108
 1068, 564, -57, 107
 1069, 564, -56, 108
 1070, 565, -56, 107
 1071, 565, -57, 107
 1072, 566, -57, 107
 1073, 566, -57, 107
 1074, 567, -56, 108
 1075, 567, -56, 107
 1076, 568, -58, 107
 1077, 568, -56, 107
 1078, 569, -55, 107
 1079, 569, -55, 107
 1080, 570, -57, 108
 1081, 570, -57, 107
 1082, 571, -56, 107
 1083, 571, -56, 107
 1084, 572, -57, 107
 1085, 572, -56, 107
 1086, 573, -55, 107
 1087, 573, -56, 107
 1088, 574, -56, 107
 1089, 574, -57, 107
 1090, 575, -57, 107
 1091, 575, -58, 107
 1092, 576, -57, 108
 1093, 576, -58, 106
 1094, 577, -58, 48
 1095, 577, -58, 107
 1096, 578, -58, 107
 1097, 578, -58, 107
 1098, 579, -58, 107
 1099, 579, -57, 107
 1100, 580, -58, 106
 1101, 580, -55, 107
 1102, 581, -58, 107
 1103, 581, -57, 107
 1104, 582, -57, 107
 1105, 582, -57, 108
 1106, 583, -57, 108
 1107, 583, -57, 107
 1108, 584, -56, 107
 1109, 584, -55, 107
 1110, 585, -56, 107
 1111, 585, -57, 106
 1112, 586, -56, 107
 1113, 586, -56, 106
 1114, 587, -58, 107
 1115, 587, -57, 108
 1116, 588, -58, 107
 1117, 588, -56, 107
 1118, 589, -56, 106
 1119, 589, -56, 107
 1120, 590, -57, 107
 1121, 590, -56, 107
 1122, 591, -56, 107
 1123, 591, -56, 105
 1124, 592, -56, 107
 1125, 592, -56, 107
 1126, 593, -56, 106
 1127, 593, -57, 107
 1128, 594, -56, 107
 1129, 594, -57, 107
 1130, 595, -57, 107
 1131, 595, -56, 107
 1132, 596, -57, 107
 1133, 596, -56, 107
 1134, 597, -56, 107
 1135, 597, -56, 108
 1136, 598, -55, 107
 1137, 598, -56, 107
 1138, 599, -56, 107
 1139, 599, -57, 107
 1140, 600, -57, 107
 1141, 600, -57, 106
 1142, 601, -57, 106
 1143, 601, -56, 107
 1144, 602, -55, 107
 1145, 602, -55, 107
 1146, 603, -57, 107
 1147, 603, -56, 107
 1148, 604, -57, 107
 1149, 604, -56, 106
 1150, 605, -55, 105
 1151, 605, -57, 107
 1152, 606, -56, 108
 1153, 606, -57, 107
 1154, 607, -57, 107
 1155, 607, -57, 107
 1156, 608, -59, 107
 1157, 608, -57, 107
 1158, 609, -57, 107
 1159, 609, -57, 107
 1160, 610, -57, 106
 1161, 610, -57, 107
 1162, 611, -57, 91
 1163, 611, -57, 107
 1164, 612, -57, 107
 1165, 612, -57, 107
 1166, 613, -58, 107
 1167, 613, -57, 107
 1168, 614, -57, 105
 1169, 614, -57, 106
 1170, 615, -57, 106
 1171, 615, -57, 107
 1172, 616, -56, 107
 1173, 616, -57, 107
 1174, 617, -56, 107
 1175, 617, -57, 108
 1176, 618, -57, 107
 1177, 618, -56, 107
 1178, 619, -57, 107
 1179, 619, -57, 108
 1180, 620, -57, 107
 1181, 620, -57, 107
 1182, 621, -58, 106
 1183, 621, -57, 107
 1184, 622, -57, 106
 1185, 622, -57, 107
 1186, 623, -57, 108
 1187, 623, -57, 107
 1188, 624, -57, 107
 1189, 624, -56, 107
 1190, 625, -56, 107
 1191, 625, -56, 107
 1192, 626, -56, 107
 1193, 626, -57, 107
 1194, 627, -55, 108
 1195, 627, -57, 107
 1196, 628, -55, 107
 1197, 628, -57, 108
 1198, 629, -57, 107
 1199, 629, -58, 107
 1200, 630, -57, 108
 1201, 630, -57, 107
 1202, 631, -57, 107
 1203, 631, -57, 108
 1204, 632, -57, 107
 1205, 632, -58, 106
 1206, 633, -58, 107
 1207, 633, -57, 106
 1208, 634, -57, 107
 1209, 634, -57, 107
 1210, 635, -58, 107
 1211, 635, -57, 107
 1212, 636, -57, 107
 1213, 636, -57, 107
 1214, 637, -57, 107
 1215, 637, -58, 107
 1216, 638, -57, 107
 1217, 638, -57, 107
 1218, 639, -58, 107
 1219, 639, -57, 106
 1220, 640, -58, 107
 1221, 640, -58, 107
 1222, 641, -58, 107
 1223, 641, -57, 107
 1224, 642, -57, 107
 1225, 642, -57, 106
 1226, 643, -57, 107
 1227, 643, -57, 107
 1228, 644, -58, 107
 1229, 644, -57, 107
 1230, 645, -57, 107
 1231, 645, -57, 107
 1232, 646, -56, 107
 1233, 646, -57, 107
 1234, 647, -59, 107
 1235, 647, -59, 106
 1236, 648, -58, 107
 1237, 648, -58, 107
 1238, 649, -56, 107
 1239, 649, -56, 106
 1240, 650, -57, 107
 1241, 650, -57, 108
 1242, 651, -58, 107
 1243, 651, -59, 107
 1244, 652, -58, 107
 1245, 652, -58, 106
 1246, 653, -59, 107
 1247, 653, -58, 107
 1248, 654, -58, 107
 1249, 654, -59, 106
 1250, 655, -58, 107
 1251, 655, -58, 107
 1252, 656, -58, 107
 1253, 656, -58, 107
 1254, 657, -58, 107
 1255, 657, -59, 107
 1256, 658, -58, 107
 1257, 658, -59, 107
 1258, 659, -58, 107
 1259, 659, -58, 107
 1260, 660, -58, 106
 1261, 660, -59, 108
 1262, 661, -58, 107
 1263, 661, -58, 107
 1264, 662, -59, 107
 1265, 662, -58, 107
 1266, 663, -57, 107
 1267, 663, -57, 108
 1268, 664, -56, 107
 1269, 664, -57, 107
 1270, 665, -57, 106
 1271, 665, -57, 107
 1272, 666, -57, 106
 1273, 666, -57, 107
 1274, 667, -57, 108
 1275, 667, -57, 108
 1276, 668, -57, 107
 1277, 668, -56, 107
 1278, 669, -57, 106
 1279, 669, -56, 106
 1280, 670, -55, 106
 1281, 670, -58, 107
 1282, 671, -58, 107
 1283, 671, -58, 107
 1284, 672, -59, 107
 1285, 672, -57, 107
 1286, 673, -57, 108
 1287, 673, -57, 107
 1288, 674, -57, 107
 1289, 674, -56, 107
 1290, 675, -56, 107
 1291, 675, -58, 106
 1292, 676, -58, 106
 1293, 676, -59, 107
 1294, 677, -58, 107
 1295, 677, -58, 107
 1296, 678, -57, 107
 1297, 678, -58, 107
 1298, 679, -58, 107
 1299, 679, -57, 108
 1300, 680, -59, 107
 1301, 680, -58, 108
 1302, 681, -59, 107
 1303, 681, -59, 107
 1304, 682, -57, 107
 1305, 682, -58, 107
 1306, 683, -57, 107
 1307, 683, -57, 107
 1308, 684, -58, 106
 1309, 684, -57, 107
 1310, 685, -57, 107
 1311, 685, -56, 107
 1312, 686, -57, 108
 1313, 686, -57, 107
 1314, 687, -56, 107
 1315, 687, -56, 107
 1316, 688, -57, 106
 1317, 688, -54, 107
 1318, 689, -54, 107
 1319, 689, -54, 107
 1320, 690, -57, 107
 1321, 690, -57, 106
 1322, 691, -59, 106
 1323, 691, -59, 107
 1324, 692, -59, 106
 1325, 692, -59, 107
 1326, 693, -58, 107
 1327, 693, -59, 106
 1328, 694, -58, 106
 1329, 694, -58, 107
 1330, 695, -57, 107
 1331, 695, -58, 107
 1332, 696, -58, 107
 1333, 696, -57, 107
 1334, 697, -57, 107
 1335, 697, -58, 106
 1336, 698, -58, 107
 1337, 698, -59, 107
 1338, 699, -55, 107
 1339, 699, -57, 107
 1340, 700, -57, 107
 1341, 700, -56, 107
 1342, 701, -56, 107
 1343, 701, -57, 108
 1344, 702, -55, 105
 1345, 702, -56, 107
 1346, 703, -58, 107
 1347, 703, -58, 107
 1348, 704, -56, 106
 1349, 704, -56, 105
 1350, 705, -57, 107
 1351, 705, -57, 107
 1352, 706, -58, 107
 1353, 706, -58, 107
 1354, 707, -56, 108
 1355, 707, -57, 107
 1356, 708, -57, 107
 1357, 708, -57, 106
 1358, 709, -58, 106
 1359, 709, -58, 107
 1360, 710, -58, 107
 1361, 710, -58, 107
 1362, 711, -57, 107
 1363, 711, -59, 108
 1364, 712, -60, 107
 1365, 712, -60, 106
 1366, 713, -57, 107
 1367, 713, -58, 107
 1368, 714, -57, 107
 1369, 714, -56, 107
 1370, 715, -57, 107
 1371, 715, -58, 107
 1372, 716, -55, 107
 1373, 716, -56, 107
 1374, 717, -57, 107
 1375, 717, -58, 105
 1376, 718, -58, 107
 1377, 718, -57, 107
 1378, 719, -58, 107
 1379, 719, -58, 107
 1380, 720, -54, 108
 1381, 720, -54, 107
 1382, 721, -57, 107
 1383, 721, -57, 107
 1384, 722, -57, 107
 1385, 722, -57, 106
 1386, 723, -57, 107
 1387, 723, -58, 107
 1388, 724, -58, 107
 1389, 724, -58, 108
 1390, 725, -58, 107
 1391, 725, -58, 107
 1392, 726, -57, 107
 1393, 726, -58, 107
 1394, 727, -57, 107
 1395, 727, -58, 107
 1396, 728, -58, 107
 1397, 728, -57, 107
 1398, 729, -57, 106
 1399, 729, -58, 107
 1400, 730, -58, 107
 1401, 730, -57, 108
 1402, 731, -57, 107
 1403, 731, -56, 107
 1404, 732, -57, 107
 1405, 732, -58, 107
 1406, 733, -58, 107
 1407, 733, -57, 107
 1408, 734, -57, 107
 1409, 734, -55, 106
 1410, 735, -57, 108
 1411, 735, -58, 106
 1412, 736, -58, 107
 1413, 736, -57, 107
 1414, 737, -56, 107
 1415, 737, -54, 107
 1416, 738, -54, 108
 1417, 738, -56, 108
 1418, 739, -56, 107
 1419, 739, -57, 107
 1420, 740, -57, 107
 1421, 740, -55, 107
 1422, 741, -58, 107
 1423, 741, -57, 107
 1424, 742, -59, 106
 1425, 742, -55, 107
 1426, 743, -57, 107
 1427, 743, -57, 107
 1428, 744, -58, 107
 1429, 744, -57, 106
 1430, 745, -58, 106
 1431, 745, -57, 107
 1432, 746, -57, 108
 1433, 746, -57, 107
 1434, 747, -57, 107
 1435, 747, -57, 105
 1436, 748, -58, 107
 1437, 748, -57, 107
 1438, 749, -58, 107
 1439, 749, -58, 107
 1440, 750, -58, 107
 1441, 750, -57, 108
 1442, 751, -57, 107
 1443, 751, -59, 107
 1444, 752, -57, 107
 1445, 752, -55, 107
 1446, 753, -54, 107
 1447, 753, -58, 107
 1448, 754, -57, 107
 1449, 754, -55, 108
 1450, 755, -57, 107
 1451, 755, -57, 108
 1452, 756, -56, 107
 1453, 756, -55, 107
 1454, 757, -55, 107
 1455, 757, -55, 107
 1456, 758, -55, 108
 1457, 758, -54, 108
 1458, 759, -54, 107
 1459, 759, -55, 107
 1460, 760, -55, 107
 1461, 760, -56, 107
 1462, 761, -56, 107
 1463, 761, -56, 107
 1464, 762, -57, 106
 1465, 762, -57, 107
 1466, 763, -56, 27
 1467, 763, -56, 108
 1468, 764, -57, 107
 1469, 764, -57, 107
 1470, 765, -57, 107
 1471, 765, -57, 108
 1472, 766, -57, 106
 1473, 766, -57, 108
 1474, 767, -57, 107
 1475, 767, -56, 107
 1476, 768, -56, 107
 1477, 768, -55, 108
 1478, 769, -57, 107
 1479, 769, -56, 107
 1480, 770, -57, 107
 1481, 770, -56, 107
 1482, 771, -57, 108
 1483, 771, -57, 107
 1484, 772, -57, 107
 1485, 772, -57, 106
 1486, 773, -55, 107
 1487, 773, -57, 107
 1488, 774, -55, 107
 1489, 774, -56, 108
 1490, 775, -57, 107
 1491, 775, -56, 107
 1492, 776, -55, 107
 1493, 776, -55, 107
 1494, 777, -55, 107
 1495, 777, -56, 108
 1496, 778, -56, 107
 1497, 778, -56, 108
 1498, 779, -56, 107
 1499, 779, -56, 107
 1500, 780, -55, 107
 1501, 780, -55, 106
 1502, 781, -56, 107
 1503, 781, -55, 108
 1504, 782, -55, 107
 1505, 782, -56, 107
 1506, 783, -55, 108
 1507, 783, -55, 107
 1508, 784, -56, 106
 1509, 784, -55, 107
 1510, 785, -55, 107
 1511, 785, -57, 107
 1512, 786, -56, 107
 1513, 786, -57, 107
 1514, 787, -55, 107
 1515, 787, -55, 107
 1516, 788, -56, 106
 1517, 788, -55, 107
 1518, 789, -57, 108
 1519, 789, -57, 107
 1520, 790, -56, 108
 1521, 790, -57, 108
 1522, 791, -57, 105
 1523, 791, -58, 107
 1524, 792, -57, 107
 1525, 792, -57, 107
 1526, 793, -56, 106
 1527, 793, -57, 107
 1528, 794, -57, 106
 1529, 794, -56, 107
 1530, 795, -57, 107
 1531, 795, -57, 107
 1532, 796, -58, 107
 1533, 796, -57, 107
 1534, 797, -56, 107
 1535, 797, -56, 106
 1536, 798, -57, 107
 1537, 798, -56, 107
 1538, 799, -56, 106
 1539, 799, -57, 107
 1540, 800, -57, 107
 1541, 800, -56, 107
 1542, 801, -55, 107
 1543, 801, -56, 107
 1544, 802, -56, 108
 1545, 802, -55, 108
 1546, 803, -55, 107
 1547, 803, -56, 107
 1548, 804, -57, 107
 1549, 804, -56, 107
 1550, 805, -55, 107
 1551, 805, -56, 108
 1552, 806, -55, 107
 1553, 806, -57, 108
 1554, 807, -57, 107
 1555, 807, -56, 107
 1556, 808, -57, 107
 1557, 808, -54, 107
 1558, 809, -58, 107
 1559, 809, -56, 108
 1560, 810, -57, 107
 1561, 810, -57, 107
 1562, 811, -57, 108
 1563, 811, -58, 107
 1564, 812, -55, 106
 1565, 812, -56, 107
 1566, 813, -55, 107
 1567, 813, -55, 107
 1568, 814, -54, 107
 1569, 814, -55, 108
 1570, 815, -55, 107
 1571, 815, -57, 107
 1572, 816, -56, 108
 1573, 816, -55, 107
 1574, 817, -56, 107
 1575, 817, -57, 107
 1576, 818, -57, 107
 1577, 818, -57, 108
 1578, 819, -56, 107
 1579, 819, -57, 107
 1580, 820, -57, 106
 1581, 820, -57, 106
 1582, 821, -55, 108
 1583, 821, -55, 107
 1584, 822, -56, 107
 1585, 822, -57, 107
 1586, 823, -56, 107
 1587, 823, -56, 107
 1588, 824, -56, 107
 1589, 824, -56, 107
 1590, 825, -57, 106
 1591, 825, -57, 107
 1592, 826, -58, 107
 1593, 826, -58, 107
 1594, 827, -58, 107
 1595, 827, -57, 107
 1596, 828, -56, 107
 1597, 828, -54, 107
 1598, 829, -57, 107
 1599, 829, -57, 107
 1600, 830, -57, 107
 1601, 830, -56, 106
 1602, 831, -58, 107
 1603, 831, -59, 107
 1604, 832, -58, 108
 1605, 832, -58, 107
 1606, 833, -59, 107
 1607, 833, -58, 107
 1608, 834, -57, 108
 1609, 834, -57, 107
 1610, 835, -57, 107
 1611, 835, -57, 107
 1612, 836, -57, 107
 1613, 836, -57, 107
 1614, 837, -55, 107
 1615, 837, -55, 107
 1616, 838, -57, 107
 1617, 838, -57, 107
 1618, 839, -57, 107
 1619, 839, -57, 107
 1620, 840, -57, 107
 1621, 840, -57, 107
 1622, 841, -57, 107
 1623, 841, -57, 108
 1624, 842, -57, 107
 1625, 842, -57, 108
 1626, 843, -57, 107
 1627, 843, -57, 108
 1628, 844, -56, 107
 1629, 844, -56, 107
 1630, 845, -56, 107
 1631, 845, -56, 107
 1632, 846, -56, 107
 1633, 846, -55, 107
 1634, 847, -56, 106
 1635, 847, -56, 107
 1636, 848, -56, 107
 1637, 848, -56, 107
 1638, 849, -56, 107
 1639, 849, -56, 108
 1640, 850, -56, 108
 1641, 850, -55, 107
 1642, 851, -56, 108
 1643, 851, -55, 107
 1644, 852, -54, 107
 1645, 852, -57, 107
 1646, 853, -55, 107
 1647, 853, -57, 107
 1648, 854, -55, 107
 1649, 854, -55, 107
 1650, 855, -55, 107
 1651, 855, -55, 107
 1652, 856, -56, 108
 1653, 856, -56, 107
 1654, 857, -56, 107
 1655, 857, -55, 108
 1656, 858, -56, 107
 1657, 858, -55, 106
 1658, 859, -57, 108
 1659, 859, -56, 107
 1660, 860, -55, 106
 1661, 860, -56, 107
 1662, 861, -56, 106
 1663, 861, -56, 107
 1664, 862, -55, 108
 1665, 862, -57, 107
 1666, 863, -57, 107
 1667, 863, -56, 107
 1668, 864, -54, 73
 1669, 864, -55, 107
 1670, 865, -55, 107
 1671, 865, -56, 106
 1672, 866, -57, 107
 1673, 866, -55, 107
 1674, 867, -55, 107
 1675, 867, -55, 107
 1676, 868, -56, 107
 1677, 868, -55, 107
 1678, 869, -54, 107
 1679, 869, -57, 105
 1680, 870, -56, 107
 1681, 870, -55, 107
 1682, 871, -56, 107
 1683, 871, -56, 107
 1684, 872, -57, 107
 1685, 872, -55, 108
 1686, 873, -54, 107
 1687, 873, -54, 107
 1688, 874, -56, 107
 1689, 874, -56, 107
 1690, 875, -55, 107
 1691, 875, -55, 107
 1692, 876, -55, 107
 1693, 876, -55, 107
 1694, 877, -55, 107
 1695, 877, -55, 107
 1696, 878, -55, 107
 1697, 878, -55, 107
 1698, 879, -55, 107
 1699, 879, -55, 108
 1700, 880, -55, 107
 1701, 880, -55, 108
 1702, 881, -55, 107
 1703, 881, -56, 107
 1704, 882, -56, 108
 1705, 882, -56, 107
 1706, 883, -54, 107
 1707, 883, -57, 107
 1708, 884, -55, 107
 1709, 884, -55, 107
 1710, 885, -55, 107
 1711, 885, -55, 107
 1712, 886, -56, 107
 1713, 886, -56, 107
 1714, 887, -54, 107
 1715, 887, -56, 107
 1716, 888, -56, 108
 1717, 888, -57, 107
 1718, 889, -58, 107
 1719, 889, -57, 107
 1720, 890, -57, 106
 1721, 890, -57, 107
 1722, 891, -57, 107
 1723, 891, -57, 106
 1724, 892, -55, 107
 1725, 892, -57, 108
 1726, 893, -56, 107
 1727, 893, -57, 107
 1728, 894, -57, 108
 1729, 894, -56, 106
 1730, 895, -56, 107
 1731, 895, -57, 106
 1732, 896, -56, 107
 1733, 896, -56, 107
 1734, 897, -55, 107
 1735, 897, -57, 107
 1736, 898, -56, 107
 1737, 898, -55, 106
 1738, 899, -55, 107
 1739, 899, -55, 107
 1740, 900, -55, 107
 1741, 900, -55, 107
 1742, 901, -55, 107
 1743, 901, -55, 107
 1744, 902, -55, 107
 1745, 902, -55, 107
 1746, 903, -55, 107
 1747, 903, -55, 107
 1748, 904, -55, 108
 1749, 904, -55, 107
 1750, 905, -55, 107
 1751, 905, -55, 107
 1752, 906, -55, 107
 1753, 906, -55, 106
 1754, 907, -55, 107
 1755, 907, -56, 107
 1756, 908, -56, 108
 1757, 908, -55, 107
 1758, 909, -55, 107
 1759, 909, -56, 106
 1760, 910, -56, 107
 1761, 910, -55, 108
 1762, 911, -54, 105
 1763, 911, -56, 107
 1764, 912, -56, 107
 1765, 912, -58, 106
 1766, 913, -57, 106
 1767, 913, -57, 107
 1768, 914, -57, 107
 1769, 914, -57, 107
 1770, 915, -56, 107
 1771, 915, -56, 107
 1772, 916, -56, 106
 1773, 916, -57, 107
 1774, 917, -59, 107
 1775, 917, -59, 107
 1776, 918, -57, 107
 1777, 918, -57, 107
 1778, 919, -57, 107
 1779, 919, -55, 108
 1780, 920, -56, 107
 1781, 920, -58, 107
 1782, 921, -56, 106
 1783, 921, -58, 107
 1784, 922, -57, 108
 1785, 922, -57, 106
 1786, 923, -58, 106
 1787, 923, -57, 107
 1788, 924, -57, 107
 1789, 924, -57, 107
 1790, 925, -58, 108
 1791, 925, -58, 107
 1792, 926, -55, 107
 1793, 926, -58, 107
 1794, 927, -57, 107
 1795, 927, -58, 107
 1796, 928, -58, 107
 1797, 928, -55, 107
 1798, 929, -57, 107
 1799, 929, -57, 106
 1800, 930, -57, 104
 1801, 930, -56, 108
 1802, 931, -55, 107
 1803, 931, -55, 103
 1804, 932, -57, 106
 1805, 932, -57, 108
 1806, 933, -57, 107
 1807, 933, -56, 108
 1808, 934, -57, 108
 1809, 934, -57, 107
 1810, 935, -56, 107
 1811, 935, -57, 107
 1812, 936, -57, 108
 1813, 936, -56, 107
 1814, 937, -57, 107
 1815, 937, -57, 107
 1816, 938, -57, 107
 1817, 938, -57, 108
 1818, 939, -57, 107
 1819, 939, -57, 108
 1820, 940, -57, 107
 1821, 940, -56, 107
 1822, 941, -57, 107
 1823, 941, -56, 106
 1824, 942, -57, 106
 1825, 942, -56, 108
 1826, 943, -56, 107
 1827, 943, -57, 107
 1828, 944, -57, 107
 1829, 944, -56, 107
 1830, 945, -56, 107
 1831, 945, -57, 107
 1832, 946, -57, 107
 1833, 946, -57, 107
 1834, 947, -57, 106
 1835, 947, -57, 107
 1836, 948, -57, 107
 1837, 948, -58, 107
 1838, 949, -57, 107
 1839, 949, -57, 107
 1840, 950, -59, 107
 1841, 950, -57, 107
 1842, 951, -57, 107
 1843, 951, -57, 108
 1844, 952, -57, 107
 1845, 952, -57, 107
 1846, 953, -56, 107
 1847, 953, -57, 107
 1848, 954, -57, 106
 1849, 954, -57, 107
 1850, 955, -57, 107
 1851, 955, -57, 106
 1852, 956, -58, 106
 1853, 956, -56, 107
 1854, 957, -58, 107
 1855, 957, -56, 107
 1856, 958, -54, 107
 1857, 958, -58, 108
 1858, 959, -55, 107
 1859, 959, -56, 107
 1860, 960, -55, 107
 1861, 960, -55, 107
 1862, 961, -56, 106
 1863, 961, -57, 107
 1864, 962, -57, 107
 1865, 962, -57, 108
 1866, 963, -57, 107
 1867, 963, -58, 107
 1868, 964, -58, 107
 1869, 964, -57, 106
 1870, 965, -57, 107
 1871, 965, -57, 108
 1872, 966, -56, 107
 1873, 966, -57, 107
 1874, 967, -58, 107
 1875, 967, -56, 108
 1876, 968, -57, 108
 1877, 968, -58, 107
 1878, 969, -58, 107
 1879, 969, -57, 107
 1880, 970, -56, 107
 1881, 970, -55, 108
 1882, 971, -56, 107
 1883, 971, -58, 107
 1884, 972, -58, 107
 1885, 972, -57, 107
 1886, 973, -57, 107
 1887, 973, -57, 107
 1888, 974, -57, 107
 1889, 974, -58, 106
 1890, 975, -59, 106
 1891, 975, -58, 107
 1892, 976, -58, 107
 1893, 976, -57, 107
 1894, 977, -58, 107
 1895, 977, -57, 107
 1896, 978, -57, 107
 1897, 978, -57, 107
 1898, 979, -59, 106
 1899, 979, -58, 107
 1900, 980, -57, 107
 1901, 980, -57, 108
 1902, 981, -58, 107
 1903, 981, -58, 106
 1904, 982, -57, 107
 1905, 982, -57, 105
 1906, 983, -57, 108
 1907, 983, -55, 106
 1908, 984, -57, 106
 1909, 984, -58, 107
 1910, 985, -56, 106
 1911, 985, -58, 107
 1912, 986, -58, 107
 1913, 986, -58, 107
 1914, 987, -58, 107
 1915, 987, -57, 107
 1916, 988, -58, 107
 1917, 988, -57, 107
 1918, 989, -57, 107
 1919, 989, -57, 107
 1920, 990, -57, 106
 1921, 990, -58, 107
 1922, 991, -57, 107
 1923, 991, -58, 108
 1924, 992, -56, 106
 1925, 992, -57, 107
 1926, 993, -56, 106
 1927, 993, -57, 107
 1928, 994, -59, 107
 1929, 994, -58, 107
 1930, 995, -57, 108
 1931, 995, -58, 108
 1932, 996, -58, 106
 1933, 996, -57, 76
 1934, 997, -57, 108
 1935, 997, -58, 107
 1936, 998, -58, 107
 1937, 998, -57, 108
 1938, 999, -57, 107
 1939, 999, -59, 75
 1940, 1000, -60, 107
 1941, 1000, -57, 107
 1942, 1001, -57, 107
 1943, 1001, -57, 108
 1944, 1002, -58, 106
 1945, 1002, -57, 107
 1946, 1003, -57, 108
 1947, 1003, -58, 107
 1948, 1004, -58, 106
 1949, 1004, -57, 107
 1950, 1005, -58, 107
 1951, 1005, -58, 107
 1952, 1006, -58, 107
 1953, 1006, -57, 107
 1954, 1007, -58, 106
 1955, 1007, -58, 40
 1956, 1008, -58, 106
 1957, 1008, -58, 107
 1958, 1009, -58, 107
 1959, 1009, -57, 107
 1960, 1010, -56, 107
 1961, 1010, -57, 106
 1962, 1011, -56, 107
 1963, 1011, -57, 107
 1964, 1012, -57, 104
 1965, 1012, -58, 107
 1966, 1013, -58, 107
 1967, 1013, -58, 107
 1968, 1014, -58, 107
 1969, 1014, -59, 107
 1970, 1015, -59, 107
 1971, 1015, -59, 107
 1972, 1016, -58, 107
 1973, 1016, -58, 107
 1974, 1017, -57, 108
 1975, 1017, -58, 107
 1976, 1018, -57, 107
 1977, 1018, -58, 107
 1978, 1019, -57, 107
 1979, 1019, -57, 107
 1980, 1020, -57, 107
 1981, 1020, -57, 107
 1982, 1021, -57, 108
 1983, 1021, -57, 107
 1984, 1022, -57, 107
 1985, 1022, -57, 107
 1986, 1023, -57, 107
 1987, 1023, -57, 107
 1988, 1024, -57, 108
 1989, 1024, -57, 107
 1990, 1025, -57, 107
 1991, 1025, -57, 107
 1992, 1026, -57, 107
 1993, 1026, -57, 107
 1994, 1027, -56, 107
 1995, 1027, -57, 108
 1996, 1028, -57, 107
 1997, 1028, -57, 107
 1998, 1029, -56, 108
 1999, 1029, -58, 108
 2000, 1030, -57, 107
 2001, 1030, -57, 108
 2002, 1031, -57, 108
 2003, 1031, -57, 107
 2004, 1032, -57, 107
 2005, 1032, -57, 107
 2006, 1033, -57, 107
 2007, 1033, -57, 107
 2008, 1034, -56, 107
 2009, 1034, -57, 108
 2010, 1035, -57, 107
 2011, 1035, -57, 107
 2012, 1036, -57, 107
 2013, 1036, -57, 107
 2014, 1037, -58, 107
 2015, 1037, -57, 107
 2016, 1038, -57, 107
 2017, 1038, -57, 107
 2018, 1039, -58, 107
 2019, 1039, -57, 106
 2020, 1040, -57, 107
 2021, 1040, -58, 105
 2022, 1041, -57, 106
 2023, 1041, -57, 107
 2024, 1042, -55, 108
 2025, 1042, -56, 107
 2026, 1043, -56, 107
 2027, 1043, -56, 107
 2028, 1044, -56, 107
 2029, 1044, -56, 108
 2030, 1045, -57, 107
 2031, 1045, -57, 107
 2032, 1046, -57, 107
 2033, 1046, -57, 107
 2034, 1047, -57, 108
 2035, 1047, -56, 106
 2036, 1048, -57, 107
 2037, 1048, -57, 107
 2038, 1049, -57, 107
 2039, 1049, -57, 107
 2040, 1050, -57, 107
 2041, 1050, -56, 107
 2042, 1051, -56, 108
 2043, 1051, -57, 107
 2044, 1052, -57, 108
 2045, 1052, -58, 107
 2046, 1053, -57, 107
 2047, 1053, -57, 108
 2048, 1054, -57, 107
 2049, 1054, -57, 107
 2050, 1055, -57, 107
 2051, 1055, -57, 107
 2052, 1056, -57, 107
 2053, 1056, -56, 108
 2054, 1057, -58, 107
 2055, 1057, -57, 107
 2056, 1058, -59, 107
 2057, 1058, -56, 107
 2058, 1059, -58, 107
 2059, 1059, -55, 107
 2060, 1060, -58, 107
 2061, 1060, -55, 107
 2062, 1061, -57, 36
 2063, 1061, -57, 106
 2064, 1062, -57, 107
 2065, 1062, -57, 107
 2066, 1063, -57, 106
 2067, 1063, -59, 107
 2068, 1064, -57, 98
 2069, 1064, -57, 107
 2070, 1065, -56, 106
 2071, 1065, -57, 107
 2072, 1066, -58, 106
 2073, 1066, -57, 108
 2074, 1067, -56, 108
