 34, 34, -29, 107
 35, 34, -29, 107
 36, 35, -29, 107
 37, 35, -29, 106
 38, 36, -29, 107
 39, 36, -29, 107
 40, 37, -29, 107
 41, 37, -28, 107
 42, 38, -28, 107
 43, 39, -29, 107
 44, 39, -28, 108
 45, 39, -29, 107
 46, 40, -29, 107
 47, 40, -28, 107
 48, 41, -27, 107
 49, 41, -27, 107
 50, 42, -27, 107
 51, 42, -27, 107
 52, 43, -27, 107
 53, 43, -27, 107
 54, 44, -27, 107
 55, 44, -27, 107
 56, 45, -27, 108
 57, 45, -27, 107
 58, 46, -27, 106
 59, 46, -27, 107
 60, 47, -27, 107
 61, 47, -27, 107
 62, 48, -27, 106
 63, 48, -27, 107
 64, 49, -27, 107
 65, 49, -27, 107
 66, 50, -27, 107
 67, 50, -27, 106
 68, 51, -27, 107
 69, 51, -27, 107
 70, 52, -27, 106
 71, 52, -27, 107
 72, 53, -27, 107
 73, 53, -27, 107
 74, 54, -27, 107
 75, 54, -27, 107
 76, 55, -27, 107
 77, 55, -27, 107
 78, 56, -27, 106
 79, 56, -27, 107
 80, 57, -27, 107
 81, 57, -27, 107
 82, 58, -27, 107
 83, 58, -27, 107
 84, 59, -27, 107
 85, 59, -27, 107
 86, 60, -27, 107
 87, 60, -27, 107
 88, 61, -27, 107
 89, 61, -27, 107
 90, 62, -27, 107
 91, 62, -27, 106
 92, 63, -27, 106
 93, 63, -27, 107
 94, 64, -27, 107
 95, 64, -27, 107
 96, 65, -27, 105
 97, 65, -27, 107
 98, 66, -27, 107
 99, 66, -27, 107
 100, 67, -27, 107
 101, 67, -27, 107
 102, 68, -27, 107
 103, 68, -27, 107
 104, 69, -27, 107
 105, 69, -27, 107
 106, 70, -27, 107
 107, 70, -27, 105
 108, 71, -27, 107
 109, 71, -27, 107
 110, 72, -27, 107
 111, 72, -27, 107
 112, 73, -27, 107
 113, 73, -27, 106
 114, 74, -27, 107
 115, 74, -27, 107
 116, 75, -27, 107
 117, 75, -27, 106
 118, 76, -27, 107
 119, 76, -27, 107
 120, 77, -27, 107
 121, 77, -27, 107
 122, 78, -27, 107
 123, 78, -27, 107
 124, 79, -27, 107
 125, 79, -27, 107
 126, 80, -27, 107
 127, 80, -27, 107
 128, 81, -27, 107
 129, 81, -27, 107
 130, 82, -27, 107
 131, 82, -27, 107
 132, 83, -27, 107
 133, 83, -27, 107
 134, 84, -27, 106
 135, 84, -27, 106
 136, 85, -27, 107
 137, 85, -27, 106
 138, 86, -27, 107
 139, 86, -27, 107
 140, 87, -27, 106
 141, 87, -27, 107
 142, 88, -27, 106
 143, 88, -27, 106
 144, 89, -27, 107
 145, 89, -27, 107
 146, 90, -27, 108
 147, 90, -27, 107
 148, 91, -27, 107
 149, 91, -27, 107
 150, 92, -27, 107
 151, 92, -27, 106
 152, 93, -27, 106
 153, 93, -27, 107
 154, 94, -27, 106
 155, 94, -27, 107
 156, 95, -27, 106
 157, 95, -27, 107
 158, 96, -27, 107
 159, 96, -27, 107
 160, 97, -27, 107
 161, 97, -27, 107
 162, 98, -27, 107
 163, 98, -27, 107
 164, 99, -27, 107
 165, 99, -27, 106
 166, 100, -27, 107
 167, 100, -27, 107
 168, 101, -27, 107
 169, 101, -27, 106
 170, 102, -27, 107
 171, 102, -27, 107
 172, 103, -27, 107
 173, 103, -27, 107
 174, 104, -27, 106
 175, 104, -27, 107
 176, 105, -27, 107
 177, 105, -27, 107
 178, 106, -27, 107
 179, 106, -27, 107
 180, 107, -27, 107
 181, 107, -27, 107
 182, 108, -27, 107
 183, 108, -27, 107
 184, 109, -27, 106
 185, 109, -27, 107
 186, 110, -27, 107
 187, 110, -27, 106
 188, 111, -27, 107
 189, 111, -27, 107
 190, 112, -27, 107
 191, 112, -27, 107
 192, 113, -27, 106
 193, 113, -27, 107
 194, 114, -27, 107
 195, 114, -27, 107
 196, 115, -27, 107
 197, 115, -27, 107
 198, 116, -27, 107
 199, 116, -27, 106
 200, 117, -27, 107
 201, 117, -27, 107
 202, 118, -27, 107
 203, 118, -27, 107
 204, 119, -27, 107
 205, 119, -27, 106
 206, 120, -27, 107
 207, 120, -27, 106
 208, 121, -27, 107
 209, 121, -27, 107
 210, 122, -27, 107
 211, 122, -27, 106
 212, 123, -27, 107
 213, 123, -27, 107
 214, 124, -27, 106
 215, 124, -27, 107
 216, 125, -27, 107
 217, 125, -27, 106
 218, 126, -27, 107
 219, 126, -27, 107
 220, 127, -27, 106
 221, 127, -27, 107
 222, 128, -27, 106
 223, 128, -27, 107
 224, 129, -27, 107
 225, 129, -27, 107
 226, 130, -27, 107
 227, 130, -27, 107
 228, 131, -27, 107
 229, 131, -27, 107
 230, 132, -27, 107
 231, 132, -27, 107
 232, 133, -27, 107
 233, 133, -27, 107
 234, 134, -27, 107
 235, 134, -27, 107
 236, 135, -27, 106
 237, 135, -27, 107
 238, 136, -27, 107
 239, 136, -27, 107
 240, 137, -27, 107
 241, 137, -27, 107
 242, 138, -27, 107
 243, 138, -27, 107
 244, 139, -27, 107
 245, 139, -27, 107
 246, 140, -27, 107
 247, 140, -27, 106
 248, 141, -27, 107
 249, 141, -27, 107
 250, 142, -27, 107
 251, 142, -27, 107
 252, 143, -27, 107
 253, 143, -27, 107
 254, 144, -27, 106
 255, 144, -27, 107
 256, 145, -27, 107
 257, 145, -27, 107
 258, 146, -27, 107
 259, 146, -27, 107
 260, 147, -27, 107
 261, 147, -27, 107
 262, 148, -27, 107
 263, 148, -27, 106
 264, 149, -27, 107
 265, 149, -27, 107
 266, 150, -27, 107
 267, 150, -27, 107
 268, 151, -27, 107
 269, 151, -27, 107
 270, 152, -27, 107
 271, 152, -27, 106
 272, 153, -27, 107
 273, 153, -27, 107
 274, 154, -27, 105
 275, 154, -27, 106
 276, 155, -27, 107
 277, 155, -27, 106
 278, 156, -27, 107
 279, 156, -27, 106
 280, 157, -27, 107
 281, 157, -27, 107
 282, 158, -27, 107
 283, 158, -27, 106
 284, 159, -27, 107
 285, 159, -27, 107
 286, 160, -27, 107
 287, 160, -27, 107
 288, 161, -27, 107
 289, 161, -27, 107
 290, 162, -27, 107
 291, 162, -27, 107
 292, 163, -27, 107
 293, 163, -27, 107
 294, 164, -27, 107
 295, 164, -27, 107
 296, 165, -27, 107
 297, 165, -27, 107
 298, 166, -27, 106
 299, 166, -27, 107
 300, 167, -27, 106
 301, 167, -27, 107
 302, 168, -27, 107
 303, 168, -27, 107
 304, 169, -27, 107
 305, 169, -27, 108
 306, 170, -27, 107
 307, 170, -27, 107
 308, 171, -27, 106
 309, 171, -27, 107
 310, 172, -27, 107
 311, 172, -27, 107
 312, 173, -27, 107
 313, 173, -27, 107
 314, 174, -28, 106
 315, 174, -28, 107
 316, 175, -30, 107
 317, 175, -30, 107
 318, 176, -29, 107
 319, 176, -29, 107
 320, 177, -29, 107
 321, 177, -29, 106
 322, 178, -29, 107
 323, 178, -29, 107
 324, 179, -29, 107
 325, 179, -29, 107
 326, 180, -29, 107
 327, 180, -30, 107
 328, 181, -30, 107
 329, 181, -29, 107
 330, 182, -29, 107
 331, 182, -29, 106
 332, 183, -29, 107
 333, 183, -29, 107
 334, 184, -29, 107
 335, 184, -29, 107
 336, 185, -29, 106
 337, 185, -29, 107
 338, 186, -29, 106
 339, 186, -29, 106
 340, 187, -29, 107
 341, 187, -29, 107
 342, 188, -29, 107
 343, 188, -29, 107
 344, 189, -29, 107
 345, 189, -30, 107
 346, 190, -29, 107
 347, 190, -29, 107
 348, 191, -29, 107
 349, 191, -29, 107
 350, 192, -29, 107
 351, 192, -29, 106
 352, 193, -29, 107
 353, 193, -29, 107
 354, 194, -29, 107
 355, 194, -29, 107
 356, 195, -29, 107
 357, 195, -29, 107
 358, 196, -29, 107
 359, 196, -29, 106
 360, 197, -29, 107
 361, 197, -29, 107
 362, 198, -29, 107
 363, 198, -31, 107
 364, 199, -29, 107
 365, 199, -28, 107
 366, 200, -27, 107
 367, 200, -27, 106
 368, 201, -27, 107
 369, 201, -27, 106
 370, 202, -27, 107
 371, 202, -27, 107
 372, 203, -27, 107
 373, 203, -27, 107
 374, 204, -27, 106
 375, 204, -27, 107
 376, 205, -27, 107
 377, 205, -27, 106
 378, 206, -27, 107
 379, 206, -27, 90
 380, 207, -27, 107
 381, 207, -27, 106
 382, 208, -27, 107
 383, 208, -27, 107
 384, 209, -27, 107
 385, 209, -27, 107
 386, 210, -27, 107
 387, 210, -27, 107
 388, 211, -27, 106
 389, 211, -27, 107
 390, 212, -27, 107
 391, 212, -27, 107
 392, 213, -27, 107
 393, 213, -27, 107
 394, 214, -27, 107
 395, 214, -27, 107
 396, 215, -27, 107
 397, 215, -27, 107
 398, 216, -27, 107
 399, 216, -27, 107
 400, 217, -27, 107
 401, 217, -27, 107
 402, 218, -27, 106
 403, 218, -27, 107
 404, 219, -27, 106
 405, 219, -27, 107
 406, 220, -27, 107
 407, 220, -27, 107
 408, 221, -27, 106
 409, 221, -27, 107
 410, 222, -27, 107
 411, 222, -27, 107
 412, 223, -27, 107
 413, 223, -27, 107
 414, 224, -27, 107
 415, 224, -27, 104
 416, 225, -27, 107
 417, 225, -27, 107
 418, 226, -27, 107
 419, 226, -27, 106
 420, 227, -27, 107
 421, 227, -27, 107
 422, 228, -27, 107
 423, 228, -27, 107
 424, 229, -27, 105
 425, 229, -27, 106
 426, 230, -27, 107
 427, 230, -27, 107
 428, 231, -27, 107
 429, 231, -27, 107
 430, 232, -27, 106
 431, 232, -27, 107
 432, 233, -27, 107
 433, 233, -27, 107
 434, 234, -28, 95
 435, 234, -27, 107
 436, 235, -27, 106
 437, 235, -27, 107
 438, 236, -27, 107
 439, 236, -27, 107
 440, 237, -27, 107
 441, 237, -27, 107
 442, 238, -27, 107
 443, 238, -27, 107
 444, 239, -27, 107
 445, 239, -27, 107
 446, 240, -27, 107
 447, 240, -27, 107
 448, 241, -28, 107
 449, 241, -27, 107
 450, 242, -27, 107
 451, 242, -27, 106
 452, 243, -27, 107
 453, 243, -27, 107
 454, 244, -27, 107
 455, 244, -27, 106
 456, 245, -27, 107
 457, 245, -27, 107
 458, 246, -27, 107
 459, 246, -27, 107
 460, 247, -27, 107
 461, 247, -27, 107
 462, 248, -27, 107
 463, 248, -27, 107
 464, 249, -27, 107
 465, 249, -27, 107
 466, 250, -27, 107
 467, 250, -27, 107
 468, 251, -27, 107
 469, 251, -27, 107
 470, 252, -27, 107
 471, 252, -27, 106
 472, 253, -27, 106
 473, 253, -27, 107
 474, 254, -27, 107
 475, 254, -27, 107
 476, 255, -27, 107
 477, 255, -27, 107
 478, 256, -27, 107
 479, 256, -27, 107
 480, 257, -27, 107
 481, 257, -28, 107
 482, 258, -28, 106
 483, 258, -27, 107
 484, 259, -27, 107
 485, 259, -27, 107
 486, 260, -27, 107
 487, 260, -27, 107
 488, 261, -27, 107
 489, 261, -27, 106
 490, 262, -27, 107
 491, 262, -27, 107
 492, 263, -27, 107
 493, 263, -28, 107
 494, 264, -27, 107
 495, 264, -27, 106
 496, 265, -27, 106
 497, 265, -27, 107
 498, 266, -27, 107
 499, 266, -27, 107
 500, 267, -27, 107
 501, 267, -27, 107
 502, 268, -27, 107
 503, 268, -27, 107
 504, 269, -27, 106
 505, 269, -27, 107
 506, 270, -27, 107
 507, 270, -27, 107
 508, 271, -27, 107
 509, 271, -27, 107
 510, 272, -27, 107
 511, 272, -27, 107
 512, 273, -27, 107
 513, 273, -27, 107
 514, 274, -27, 107
 515, 274, -28, 107
 516, 275, -27, 106
 517, 275, -27, 107
 518, 276, -27, 107
 519, 276, -27, 107
 520, 277, -27, 106
 521, 277, -27, 107
 522, 278, -27, 107
 523, 278, -27, 107
 524, 279, -27, 107
 525, 279, -27, 107
 526, 280, -27, 107
 527, 280, -28, 107
 528, 281, -27, 107
 529, 281, -27, 107
 530, 282, -27, 107
 531, 282, -27, 107
 532, 283, -27, 106
 533, 283, -27, 106
 534, 284, -27, 107
 535, 284, -27, 107
 536, 285, -27, 107
 537, 285, -27, 107
 538, 286, -27, 107
 539, 286, -28, 107
 540, 287, -27, 107
 541, 287, -27, 106
 542, 288, -27, 107
 543, 288, -27, 107
 544, 289, -27, 107
 545, 289, -27, 107
 546, 290, -27, 107
 547, 290, -27, 107
 548, 291, -27, 107
 549, 291, -27, 107
 550, 292, -27, 107
 551, 292, -27, 107
 552, 293, -27, 107
 553, 293, -27, 107
 554, 294, -27, 107
 555, 294, -27, 107
 556, 295, -27, 107
 557, 295, -27, 107
 558, 296, -27, 107
 559, 296, -28, 107
 560, 297, -28, 107
 561, 297, -27, 107
 562, 298, -27, 107
 563, 298, -27, 107
 564, 299, -28, 106
 565, 299, -27, 107
 566, 300, -27, 107
 567, 300, -27, 106
 568, 301, -27, 106
 569, 301, -27, 107
 570, 302, -27, 107
 571, 302, -27, 107
 572, 303, -27, 106
 573, 303, -27, 107
 574, 304, -27, 107
 575, 304, -28, 106
 576, 305, -27, 107
 577, 305, -27, 107
 578, 306, -27, 107
 579, 306, -28, 107
 580, 307, -27, 107
 581, 307, -28, 106
 582, 308, -27, 106
 583, 308, -27, 106
 584, 309, -27, 107
 585, 309, -27, 107
 586, 310, -27, 107
 587, 310, -27, 107
 588, 311, -27, 107
 589, 311, -27, 107
 590, 312, -27, 107
 591, 312, -28, 107
 592, 313, -27, 107
 593, 313, -27, 107
 594, 314, -27, 107
 595, 314, -28, 107
 596, 315, -27, 107
 597, 315, -27, 107
 598, 316, -27, 105
 599, 316, -27, 107
 600, 317, -27, 106
 601, 317, -27, 106
 602, 318, -27, 107
 603, 318, -27, 107
 604, 319, -27, 107
 605, 319, -27, 107
 606, 320, -27, 107
 607, 320, -27, 107
 608, 321, -27, 107
 609, 321, -27, 107
 610, 322, -27, 107
 611, 322, -27, 107
 612, 323, -27, 107
 613, 323, -27, 107
 614, 324, -27, 107
 615, 324, -27, 106
 616, 325, -27, 106
 617, 325, -27, 75
 618, 326, -27, 107
 619, 326, -27, 107
 620, 327, -27, 107
 621, 327, -27, 106
 622, 328, -28, 107
 623, 328, -27, 107
 624, 329, -28, 106
 625, 329, -27, 107
 626, 330, -27, 107
 627, 330, -27, 106
 628, 331, -27, 107
 629, 331, -27, 106
 630, 332, -27, 107
 631, 332, -27, 107
 632, 333, -27, 107
 633, 333, -27, 107
 634, 334, -27, 106
 635, 334, -27, 107
 636, 335, -27, 107
 637, 335, -27, 107
 638, 336, -27, 107
 639, 336, -27, 107
 640, 337, -27, 107
 641, 337, -27, 107
 642, 338, -27, 107
 643, 338, -28, 107
 644, 339, -27, 107
 645, 339, -27, 107
 646, 340, -27, 106
 647, 340, -27, 107
 648, 341, -27, 106
 649, 341, -28, 106
 650, 342, -27, 107
 651, 342, -28, 75
 652, 343, -27, 107
 653, 343, -27, 107
 654, 344, -27, 107
 655, 344, -27, 107
 656, 345, -27, 107
 657, 345, -27, 107
 658, 346, -27, 106
 659, 346, -27, 106
 660, 347, -27, 107
 661, 347, -27, 107
 662, 348, -27, 107
 663, 348, -27, 107
 664, 349, -27, 107
 665, 349, -27, 107
 666, 350, -27, 107
 667, 350, -27, 107
 668, 351, -27, 72
 669, 351, -27, 107
 670, 352, -27, 107
 671, 352, -27, 107
 672, 353, -27, 107
 673, 353, -27, 107
 674, 354, -27, 106
 675, 354, -27, 106
 676, 355, -27, 107
 677, 355, -27, 107
 678, 356, -27, 106
 679, 356, -27, 107
 680, 357, -27, 107
 681, 357, -27, 107
 682, 358, -27, 107
 683, 358, -27, 106
 684, 359, -27, 107
 685, 359, -27, 107
 686, 360, -27, 106
 687, 360, -27, 107
 688, 361, -27, 107
 689, 361, -27, 107
 690, 362, -27, 107
 691, 362, -27, 107
 692, 363, -27, 106
 693, 363, -27, 107
 694, 364, -27, 107
 695, 364, -27, 107
 696, 365, -27, 107
 697, 365, -27, 107
 698, 366, -27, 107
 699, 366, -27, 107
 700, 367, -27, 107
 701, 367, -27, 107
 702, 368, -27, 107
 703, 368, -28, 107
 704, 369, -27, 106
 705, 369, -27, 107
 706, 370, -27, 107
 707, 370, -27, 107
 708, 371, -27, 107
 709, 371, -27, 107
 710, 372, -27, 107
 711, 372, -27, 106
 712, 373, -27, 107
 713, 373, -27, 107
 714, 374, -27, 107
 715, 374, -27, 107
 716, 375, -27, 107
 717, 375, -27, 107
 718, 376, -27, 107
 719, 376, -27, 107
 720, 377, -27, 107
 721, 377, -27, 107
 722, 378, -27, 107
 723, 378, -27, 107
 724, 379, -27, 107
 725, 379, -27, 107
 726, 380, -27, 104
 727, 380, -27, 106
 728, 381, -27, 107
 729, 381, -27, 107
 730, 382, -27, 107
 731, 382, -27, 107
 732, 383, -27, 107
 733, 383, -27, 107
 734, 384, -27, 107
 735, 384, -27, 107
 736, 385, -27, 107
 737, 385, -27, 107
 738, 386, -27, 107
 739, 386, -27, 107
 740, 387, -27, 107
 741, 387, -27, 107
 742, 388, -27, 107
 743, 388, -27, 106
 744, 389, -27, 106
 745, 389, -27, 107
 746, 390, -27, 106
 747, 390, -27, 107
 748, 391, -27, 107
 749, 391, -27, 106
 750, 392, -27, 106
 751, 392, -27, 107
 752, 393, -27, 107
 753, 393, -27, 107
 754, 394, -27, 107
 755, 394, -27, 106
 756, 395, -27, 107
 757, 395, -27, 106
 758, 396, -27, 107
 759, 396, -27, 107
 760, 397, -27, 107
 761, 397, -27, 107
 762, 398, -27, 107
 763, 398, -27, 107
 764, 399, -27, 107
 765, 399, -27, 107
 766, 400, -27, 107
 767, 400, -27, 107
 768, 401, -27, 107
 769, 401, -27, 107
 770, 402, -27, 107
 771, 402, -27, 107
 772, 403, -27, 107
 773, 403, -27, 107
 774, 404, -27, 107
 775, 404, -27, 107
 776, 405, -27, 107
 777, 405, -27, 107
 778, 406, -27, 107
 779, 406, -27, 107
 780, 407, -27, 107
 781, 407, -27, 107
 782, 408, -27, 106
 783, 408, -27, 107
 784, 409, -27, 107
 785, 409, -27, 106
 786, 410, -27, 107
 787, 410, -27, 106
 788, 411, -27, 107
 789, 411, -27, 107
 790, 412, -27, 107
 791, 412, -27, 107
 792, 413, -27, 107
 793, 413, -27, 107
 794, 414, -27, 107
 795, 414, -27, 106
 796, 415, -27, 107
 797, 415, -27, 107
 798, 416, -27, 107
 799, 416, -27, 107
 800, 417, -27, 107
 801, 417, -27, 107
 802, 418, -27, 107
 803, 418, -27, 107
 804, 419, -27, 107
 805, 419, -27, 107
 806, 420, -27, 107
 807, 420, -27, 107
 808, 421, -27, 107
 809, 421, -27, 107
 810, 422, -27, 107
 811, 422, -27, 107
 812, 423, -27, 107
 813, 423, -27, 107
 814, 424, -27, 107
 815, 424, -27, 107
 816, 425, -27, 107
 817, 425, -27, 107
 818, 426, -27, 107
 819, 426, -27, 106
 820, 427, -27, 107
 821, 427, -27, 107
 822, 428, -27, 107
 823, 428, -27, 107
 824, 429, -27, 106
 825, 429, -27, 107
 826, 430, -27, 106
 827, 430, -27, 87
 828, 431, -27, 107
 829, 431, -27, 107
 830, 432, -27, 107
 831, 432, -27, 107
 832, 433, -27, 107
 833, 433, -27, 107
 834, 434, -27, 107
 835, 434, -27, 107
 836, 435, -27, 107
 837, 435, -27, 107
 838, 436, -27, 107
 839, 436, -27, 107
 840, 437, -27, 107
 841, 437, -28, 107
 842, 438, -27, 107
 843, 438, -27, 107
 844, 439, -27, 107
 845, 439, -27, 107
 846, 440, -27, 107
 847, 440, -27, 107
 848, 441, -27, 107
 849, 441, -27, 107
 850, 442, -27, 107
 851, 442, -27, 105
 852, 443, -27, 107
 853, 443, -27, 107
 854, 444, -27, 107
 855, 444, -27, 107
 856, 445, -27, 107
 857, 445, -27, 107
 858, 446, -27, 107
 859, 446, -27, 106
 860, 447, -27, 107
 861, 447, -27, 107
 862, 448, -27, 107
 863, 448, -27, 106
 864, 449, -27, 107
 865, 449, -27, 107
 866, 450, -27, 107
 867, 450, -27, 107
 868, 451, -28, 106
 869, 451, -27, 107
 870, 452, -27, 107
 871, 452, -27, 107
 872, 453, -27, 107
 873, 453, -27, 106
 874, 454, -27, 107
 875, 454, -27, 107
 876, 455, -27, 106
 877, 455, -27, 107
 878, 456, -27, 106
 879, 456, -27, 108
 880, 457, -27, 107
 881, 457, -27, 106
 882, 458, -27, 107
 883, 458, -27, 107
 884, 459, -27, 107
 885, 459, -27, 107
 886, 460, -27, 107
 887, 460, -27, 107
 888, 461, -27, 107
 889, 461, -27, 107
 890, 462, -27, 106
 891, 462, -27, 107
 892, 463, -27, 106
 893, 463, -27, 107
 894, 464, -27, 107
 895, 464, -27, 107
 896, 465, -27, 107
 897, 465, -27, 107
 898, 466, -27, 107
 899, 466, -27, 107
 900, 467, -27, 107
 901, 467, -27, 107
 902, 468, -27, 106
 903, 468, -28, 107
 904, 469, -27, 107
 905, 469, -27, 107
 906, 470, -27, 108
 907, 470, -27, 107
 908, 471, -27, 107
 909, 471, -27, 107
 910, 472, -27, 107
 911, 472, -27, 107
 912, 473, -27, 107
 913, 473, -28, 106
 914, 474, -27, 107
 915, 474, -27, 107
 916, 475, -27, 107
 917, 475, -27, 107
 918, 476, -27, 106
 919, 476, -27, 107
 920, 477, -27, 107
 921, 477, -27, 107
 922, 478, -27, 107
 923, 478, -27, 107
 924, 479, -27, 107
 925, 479, -27, 107
 926, 480, -27, 107
 927, 480, -27, 107
 928, 481, -27, 107
 929, 481, -27, 107
 930, 482, -27, 106
 931, 482, -27, 107
 932, 483, -27, 107
 933, 483, -27, 107
 934, 484, -27, 107
 935, 484, -27, 106
 936, 485, -27, 106
 937, 485, -27, 107
 938, 486, -27, 107
 939, 486, -28, 107
 940, 487, -27, 107
 941, 487, -27, 106
 942, 488, -28, 107
 943, 488, -28, 107
 944, 489, -28, 106
 945, 489, -27, 107
 946, 490, -27, 106
 947, 490, -27, 107
 948, 491, -28, 107
 949, 491, -27, 107
 950, 492, -27, 107
 951, 492, -27, 107
 952, 493, -27, 107
 953, 493, -27, 107
 954, 494, -27, 107
 955, 494, -27, 107
 956, 495, -27, 107
 957, 495, -27, 107
 958, 496, -27, 106
 959, 496, -28, 107
 960, 497, -27, 107
 961, 497, -27, 107
 962, 498, -27, 107
 963, 498, -28, 107
 964, 499, -27, 107
 965, 499, -27, 107
 966, 500, -27, 107
 967, 500, -27, 107
 968, 501, -27, 107
 969, 501, -27, 107
 970, 502, -27, 107
 971, 502, -27, 107
 972, 503, -28, 107
 973, 503, -27, 107
 974, 504, -27, 107
 975, 504, -27, 107
 976, 505, -27, 107
 977, 505, -27, 107
 978, 506, -27, 106
 979, 506, -27, 106
 980, 507, -27, 106
 981, 507, -27, 107
 982, 508, -27, 107
 983, 508, -27, 107
 984, 509, -27, 106
 985, 509, -27, 107
 986, 510, -27, 107
 987, 510, -27, 107
 988, 511, -27, 107
 989, 511, -27, 107
 990, 512, -27, 107
 991, 512, -27, 107
 992, 513, -27, 102
 993, 513, -27, 107
 994, 514, -27, 106
 995, 514, -27, 107
 996, 515, -27, 107
 997, 515, -27, 107
 998, 516, -27, 107
 999, 516, -27, 107
 1000, 517, -27, 106
 1001, 517, -27, 107
 1002, 518, -27, 107
 1003, 518, -27, 107
 1004, 519, -27, 107
 1005, 519, -27, 107
 1006, 520, -27, 106
 1007, 520, -27, 106
 1008, 521, -27, 107
 1009, 521, -27, 107
 1010, 522, -27, 106
 1011, 522, -27, 107
 1012, 523, -27, 107
 1013, 523, -27, 107
 1014, 524, -27, 106
 1015, 524, -27, 107
 1016, 525, -27, 106
 1017, 525, -27, 107
 1018, 526, -27, 107
 1019, 526, -27, 107
 1020, 527, -27, 107
 1021, 527, -27, 107
 1022, 528, -27, 107
 1023, 528, -27, 107
 1024, 529, -27, 107
 1025, 529, -27, 107
 1026, 530, -27, 106
 1027, 530, -27, 107
 1028, 531, -27, 107
 1029, 531, -27, 107
 1030, 532, -27, 107
 1031, 532, -27, 107
 1032, 533, -27, 108
 1033, 533, -27, 108
 1034, 534, -27, 107
 1035, 534, -27, 107
 1036, 535, -27, 107
 1037, 535, -27, 107
 1038, 536, -27, 107
 1039, 536, -27, 107
 1040, 537, -27, 107
 1041, 537, -27, 107
 1042, 538, -27, 107
 1043, 538, -27, 106
 1044, 539, -27, 107
 1045, 539, -27, 107
 1046, 540, -27, 107
 1047, 540, -27, 107
 1048, 541, -27, 107
 1049, 541, -27, 107
 1050, 542, -27, 108
 1051, 542, -27, 107
 1052, 543, -27, 107
 1053, 543, -27, 107
 1054, 544, -27, 107
 1055, 544, -27, 107
 1056, 545, -27, 107
 1057, 545, -27, 107
 1058, 546, -27, 107
 1059, 546, -27, 107
 1060, 547, -27, 107
 1061, 547, -27, 107
 1062, 548, -27, 107
 1063, 548, -27, 107
 1064, 549, -27, 107
 1065, 549, -27, 107
 1066, 550, -27, 107
 1067, 550, -27, 107
 1068, 551, -27, 107
 1069, 551, -27, 107
 1070, 552, -27, 106
 1071, 552, -27, 107
 1072, 553, -27, 107
 1073, 553, -27, 107
 1074, 554, -27, 107
 1075, 554, -27, 107
 1076, 555, -27, 107
 1077, 555, -27, 107
 1078, 556, -27, 107
 1079, 556, -27, 106
 1080, 557, -28, 107
 1081, 557, -27, 107
 1082, 558, -27, 107
 1083, 558, -28, 107
 1084, 559, -27, 106
 1085, 559, -27, 107
 1086, 560, -27, 107
 1087, 560, -27, 107
 1088, 561, -27, 107
 1089, 561, -27, 107
 1090, 562, -27, 107
 1091, 562, -27, 107
 1092, 563, -27, 107
 1093, 563, -27, 107
 1094, 564, -27, 106
 1095, 564, -27, 107
 1096, 565, -27, 107
 1097, 565, -27, 107
 1098, 566, -27, 107
 1099, 566, -27, 107
 1100, 567, -27, 107
 1101, 567, -27, 107
 1102, 568, -27, 107
 1103, 568, -27, 107
 1104, 569, -27, 107
 1105, 569, -27, 106
 1106, 570, -27, 106
 1107, 570, -27, 107
 1108, 571, -27, 106
 1109, 571, -27, 107
 1110, 572, -27, 107
 1111, 572, -27, 107
 1112, 573, -27, 107
 1113, 573, -27, 108
 1114, 574, -27, 107
 1115, 574, -27, 106
 1116, 575, -27, 107
 1117, 575, -27, 107
 1118, 576, -27, 106
 1119, 576, -27, 107
 1120, 577, -27, 107
 1121, 577, -28, 107
 1122, 578, -27, 106
 1123, 578, -27, 107
 1124, 579, -27, 106
 1125, 579, -27, 107
 1126, 580, -27, 107
 1127, 580, -27, 107
 1128, 581, -27, 106
 1129, 581, -27, 107
 1130, 582, -27, 107
 1131, 582, -27, 107
 1132, 583, -27, 107
 1133, 583, -27, 107
 1134, 584, -27, 107
 1135, 584, -27, 107
 1136, 585, -27, 107
 1137, 585, -27, 107
 1138, 586, -27, 107
 1139, 586, -27, 107
 1140, 587, -27, 107
 1141, 587, -27, 107
 1142, 588, -27, 106
 1143, 588, -27, 107
 1144, 589, -28, 107
 1145, 589, -27, 106
 1146, 590, -27, 107
 1147, 590, -27, 107
 1148, 591, -27, 107
 1149, 591, -27, 107
 1150, 592, -27, 107
 1151, 592, -27, 107
 1152, 593, -27, 107
 1153, 593, -27, 106
 1154, 594, -27, 107
 1155, 594, -27, 107
 1156, 595, -27, 107
 1157, 595, -28, 107
 1158, 596, -27, 107
 1159, 596, -27, 107
 1160, 597, -27, 107
 1161, 597, -27, 106
 1162, 598, -27, 107
 1163, 598, -27, 107
 1164, 599, -28, 107
 1165, 599, -27, 107
 1166, 600, -27, 107
 1167, 600, -27, 106
 1168, 601, -27, 106
 1169, 601, -27, 107
 1170, 602, -27, 106
 1171, 602, -27, 106
 1172, 603, -27, 107
 1173, 603, -27, 107
 1174, 604, -27, 107
 1175, 604, -27, 107
 1176, 605, -27, 107
 1177, 605, -27, 107
 1178, 606, -27, 106
 1179, 606, -27, 107
 1180, 607, -27, 107
 1181, 607, -27, 107
 1182, 608, -28, 107
 1183, 608, -27, 107
 1184, 609, -27, 107
 1185, 609, -27, 107
 1186, 610, -27, 106
 1187, 610, -27, 107
 1188, 611, -27, 106
 1189, 611, -27, 107
 1190, 612, -27, 107
 1191, 613, -27, 107
 1192, 613, -27, 99
 1193, 613, -27, 107
 1194, 614, -27, 107
 1195, 614, -27, 107
 1196, 615, -27, 107
 1197, 615, -27, 106
 1198, 616, -27, 107
 1199, 616, -27, 107
 1200, 617, -27, 107
 1201, 617, -27, 107
 1202, 618, -27, 107
 1203, 618, -27, 107
 1204, 619, -27, 107
 1205, 619, -27, 107
 1206, 620, -27, 106
 1207, 620, -27, 107
 1208, 621, -27, 107
 1209, 621, -27, 107
 1210, 622, -27, 107
 1211, 622, -27, 107
 1212, 623, -27, 107
 1213, 623, -28, 107
 1214, 624, -27, 107
 1215, 624, -27, 107
 1216, 625, -27, 107
 1217, 625, -27, 107
 1218, 626, -27, 107
 1219, 626, -27, 106
 1220, 627, -27, 107
 1221, 627, -27, 107
 1222, 628, -27, 107
 1223, 628, -27, 106
 1224, 629, -27, 106
 1225, 629, -27, 101
 1226, 630, -27, 104
 1227, 630, -27, 101
 1228, 631, -27, 92
 1229, 631, -27, 79
 1230, 632, -27, 86
 1231, 632, -90, 96
 1232, 633, -88, 104
 1233, 633, -86, 104
 1234, 634, -84, 106
 1235, 634, -87, 104
 1236, 635, -87, 104
 1237, 635, -86, 105
 1238, 636, -89, 105
 1239, 636, -89, 97
 1240, 637, -87, 99
 1241, 637, -88, 105
 1242, 638, -85, 103
 1243, 638, -84, 103
 1244, 639, -86, 106
 1245, 639, -87, 107
 1246, 640, -88, 100
 1247, 640, -87, 104
 1248, 641, -87, 106
 1249, 641, -88, 105
 1250, 642, -86, 106
 1251, 642, -87, 107
 1252, 643, -87, 107
 1253, 643, -87, 107
 1254, 644, -89, 106
 1255, 644, -94, 100
 1257, 645, -93, 79
 1258, 646, -89, 107
 1259, 646, -88, 105
 1260, 647, -88, 106
 1261, 647, -90, 103
 1262, 648, -91, 100
 1263, 648, -88, 104
 1264, 649, -88, 106
 1265, 649, -89, 107
 1266, 650, -87, 106
 1267, 650, -86, 107
 1268, 651, -86, 104
 1269, 651, -83, 106
 1270, 652, -85, 106
 1271, 652, -86, 107
 1272, 653, -85, 107
 1273, 653, -85, 105
 1274, 654, -87, 107
 1275, 654, -85, 106
 1276, 655, -85, 106
 1277, 655, -85, 106
 1278, 656, -84, 105
 1279, 656, -83, 106
 1280, 657, -84, 107
 1281, 657, -85, 106
 1282, 658, -89, 105
 1283, 658, -94, 100
 1284, 659, -92, 95
 1285, 659, -91, 100
 1286, 660, -92, 92
 1288, 661, -95, 107
 1289, 661, -93, 79
 1290, 662, -92, 82
 1291, 662, -88, 100
 1292, 663, -89, 105
 1293, 663, -91, 104
 1297, 665, -91, 107
 1298, 666, -94, 79
 1299, 666, -93, 96
 1300, 667, -93, 90
 1301, 667, -27, 106
 1302, 668, -27, 77
 1303, 668, -27, 107
 1304, 669, -27, 107
 1305, 669, -27, 107
 1306, 670, -27, 107
 1307, 670, -27, 107
 1308, 671, -27, 107
 1309, 671, -27, 107
 1310, 672, -27, 107
 1311, 672, -27, 107
 1312, 673, -27, 107
 1313, 673, -27, 107
 1314, 674, -27, 107
 1315, 674, -27, 107
 1316, 675, -27, 107
 1317, 675, -27, 107
 1318, 676, -27, 106
 1319, 676, -27, 107
 1320, 677, -27, 107
 1321, 677, -27, 107
 1322, 678, -27, 107
 1323, 678, -27, 107
 1324, 679, -27, 107
 1325, 679, -27, 107
 1326, 680, -27, 107
 1327, 680, -27, 106
 1328, 681, -27, 107
 1329, 681, -27, 107
 1330, 682, -27, 107
 1331, 682, -27, 107
 1332, 683, -27, 107
 1333, 683, -27, 106
 1334, 684, -27, 107
 1335, 684, -27, 107
 1336, 685, -27, 107
 1337, 685, -27, 106
 1338, 686, -27, 107
 1339, 686, -27, 107
 1340, 687, -27, 107
 1341, 687, -27, 107
 1342, 688, -27, 106
 1343, 688, -27, 106
 1344, 689, -27, 107
 1345, 689, -27, 107
 1346, 690, -27, 107
 1347, 690, -27, 107
 1348, 691, -27, 107
 1349, 691, -27, 107
 1350, 692, -27, 107
 1351, 692, -27, 107
 1352, 693, -27, 107
 1353, 693, -27, 107
 1354, 694, -27, 107
 1355, 694, -27, 107
 1356, 695, -27, 106
 1357, 695, -27, 107
 1358, 696, -27, 106
 1359, 696, -27, 107
 1360, 697, -27, 107
 1361, 697, -27, 107
 1362, 698, -27, 107
 1363, 698, -27, 107
 1364, 699, -27, 107
 1365, 699, -27, 106
 1366, 700, -27, 106
 1367, 700, -27, 107
 1368, 701, -27, 106
 1369, 701, -27, 107
 1370, 702, -27, 107
 1371, 702, -27, 107
 1372, 703, -27, 106
 1373, 703, -27, 107
 1374, 704, -27, 107
 1375, 704, -27, 107
 1376, 705, -27, 107
 1377, 705, -27, 106
 1378, 706, -27, 107
 1379, 706, -27, 107
 1380, 707, -27, 106
 1381, 707, -27, 106
 1382, 708, -27, 106
 1383, 708, -27, 107
 1384, 709, -27, 107
 1385, 709, -27, 107
 1386, 710, -27, 107
 1387, 710, -27, 107
 1388, 711, -27, 107
 1389, 711, -27, 107
 1390, 712, -27, 107
 1391, 712, -27, 107
 1392, 713, -27, 106
 1393, 713, -27, 107
 1394, 714, -27, 106
 1395, 714, -27, 107
 1396, 715, -28, 107
 1397, 715, -27, 107
 1398, 716, -27, 107
 1399, 716, -27, 107
 1400, 717, -27, 107
 1401, 717, -27, 107
 1402, 718, -28, 106
 1403, 718, -27, 107
 1404, 719, -28, 107
 1405, 719, -27, 107
 1406, 720, -27, 106
 1407, 720, -27, 106
 1408, 721, -28, 107
 1409, 721, -27, 107
 1410, 722, -27, 107
 1411, 722, -27, 107
 1412, 723, -27, 106
 1413, 723, -27, 107
 1414, 724, -27, 107
 1415, 724, -27, 107
 1416, 725, -27, 107
 1417, 725, -27, 107
 1418, 726, -27, 107
 1419, 726, -27, 107
 1420, 727, -27, 107
 1421, 727, -27, 108
 1422, 728, -27, 106
 1423, 728, -27, 106
 1424, 729, -28, 107
 1425, 729, -28, 107
 1426, 730, -27, 107
 1427, 730, -27, 107
 1428, 731, -27, 107
 1429, 731, -27, 107
 1430, 732, -28, 107
 1431, 732, -27, 107
 1432, 733, -28, 106
 1433, 733, -27, 107
 1434, 734, -27, 107
 1435, 734, -27, 107
 1436, 735, -27, 107
 1437, 735, -27, 107
 1438, 736, -27, 107
 1439, 736, -27, 106
 1440, 737, -27, 107
 1441, 737, -27, 107
 1442, 738, -27, 107
 1443, 738, -27, 107
 1444, 739, -27, 107
 1445, 739, -27, 106
 1446, 740, -27, 107
 1447, 740, -27, 106
 1448, 741, -27, 107
 1449, 741, -27, 107
 1450, 742, -27, 107
 1451, 742, -27, 107
 1452, 743, -27, 106
 1453, 743, -27, 92
 1454, 744, -27, 106
 1455, 744, -27, 107
 1456, 745, -27, 107
 1457, 745, -27, 107
 1458, 746, -27, 106
 1459, 746, -27, 106
 1460, 747, -27, 107
 1461, 747, -27, 107
 1462, 748, -27, 106
 1463, 748, -27, 107
 1464, 749, -27, 107
 1465, 749, -27, 107
 1466, 750, -27, 108
 1467, 750, -27, 107
 1468, 751, -27, 107
 1469, 751, -27, 107
 1470, 752, -27, 107
 1471, 752, -27, 107
 1472, 753, -27, 107
 1473, 753, -27, 107
 1474, 754, -27, 107
 1475, 754, -27, 107
 1476, 755, -27, 107
 1477, 755, -27, 107
 1478, 756, -27, 107
 1479, 756, -27, 106
 1480, 757, -27, 107
 1481, 757, -27, 107
 1482, 758, -27, 107
 1483, 758, -27, 106
 1484, 759, -27, 107
 1485, 759, -27, 107
 1486, 760, -27, 106
 1487, 760, -27, 107
 1488, 761, -27, 107
 1489, 761, -27, 107
 1490, 762, -27, 107
 1491, 762, -27, 107
 1492, 763, -27, 107
 1493, 763, -27, 107
 1494, 764, -27, 107
 1495, 764, -27, 107
 1496, 765, -27, 107
 1497, 765, -27, 107
 1498, 766, -27, 107
 1499, 766, -27, 72
 1500, 767, -27, 107
 1501, 767, -28, 107
 1502, 768, -27, 107
 1503, 768, -27, 107
 1504, 769, -27, 106
 1505, 769, -27, 107
 1506, 770, -27, 107
 1507, 770, -27, 106
 1508, 771, -27, 107
 1509, 771, -27, 106
 1510, 772, -27, 107
 1511, 772, -27, 107
 1512, 773, -27, 107
 1513, 773, -27, 107
 1514, 774, -27, 106
 1515, 774, -27, 107
 1516, 775, -27, 107
 1517, 775, -28, 107
 1518, 776, -27, 107
 1519, 776, -27, 107
 1520, 777, -27, 107
 1521, 777, -27, 107
 1522, 778, -27, 107
 1523, 778, -27, 107
 1524, 779, -27, 107
 1525, 779, -27, 107
 1526, 780, -27, 108
 1527, 780, -27, 107
 1528, 781, -27, 107
 1529, 781, -27, 107
 1530, 782, -27, 107
 1531, 782, -27, 107
 1532, 783, -27, 107
 1533, 783, -26, 107
 1534, 784, -27, 107
 1535, 784, -27, 107
 1536, 785, -28, 107
 1537, 785, -27, 107
 1538, 786, -27, 108
 1539, 786, -27, 107
 1540, 787, -27, 107
 1541, 787, -27, 106
 1542, 788, -27, 107
 1543, 788, -27, 107
 1544, 789, -27, 107
 1545, 789, -27, 106
 1546, 790, -27, 107
 1547, 790, -27, 107
 1548, 791, -27, 107
 1549, 791, -27, 106
 1550, 792, -27, 107
 1551, 792, -27, 107
 1552, 793, -27, 106
 1553, 793, -27, 107
 1554, 794, -27, 107
 1555, 794, -27, 107
 1556, 795, -27, 68
 1557, 795, -27, 107
 1558, 796, -27, 106
 1559, 796, -27, 107
 1560, 797, -27, 107
 1561, 797, -27, 107
 1562, 798, -27, 108
 1563, 798, -27, 107
 1564, 799, -27, 107
 1565, 799, -27, 106
 1566, 800, -27, 107
 1567, 800, -27, 107
 1568, 801, -27, 106
 1569, 801, -27, 107
 1570, 802, -27, 107
 1571, 802, -27, 107
 1572, 803, -27, 106
 1573, 803, -27, 106
 1574, 804, -27, 107
 1575, 804, -27, 107
 1576, 805, -27, 107
 1577, 805, -27, 107
 1578, 806, -27, 107
 1579, 806, -27, 107
 1580, 807, -27, 107
 1581, 807, -27, 107
 1582, 808, -27, 107
 1583, 808, -27, 106
 1584, 809, -27, 107
 1585, 809, -27, 107
 1586, 810, -27, 107
 1587, 811, -27, 107
 1588, 811, -27, 107
 1589, 811, -27, 107
 1590, 812, -27, 107
 1591, 812, -27, 107
 1592, 813, -27, 107
 1593, 813, -27, 107
 1594, 814, -27, 107
 1595, 814, -27, 107
 1596, 815, -27, 107
 1597, 815, -27, 106
 1598, 816, -27, 107
 1599, 816, -27, 105
 1600, 817, -27, 106
 1601, 817, -27, 107
 1602, 818, -27, 107
 1603, 818, -27, 107
 1604, 819, -27, 107
 1605, 819, -27, 107
 1606, 820, -27, 107
 1607, 820, -27, 107
 1608, 821, -27, 107
 1609, 821, -28, 107
 1610, 822, -27, 107
 1611, 822, -27, 107
 1612, 823, -27, 107
 1613, 823, -27, 106
 1614, 824, -28, 106
 1615, 824, -27, 107
 1616, 825, -27, 107
 1617, 825, -27, 107
 1618, 826, -27, 107
 1619, 826, -27, 107
 1620, 827, -27, 107
 1621, 827, -27, 107
 1622, 828, -27, 107
 1623, 828, -27, 107
 1624, 829, -27, 107
 1625, 829, -27, 107
 1626, 830, -27, 107
 1627, 830, -27, 107
 1628, 831, -27, 106
 1629, 831, -27, 106
 1630, 832, -27, 107
 1631, 832, -27, 106
 1632, 833, -26, 107
 1633, 833, -27, 107
 1634, 834, -27, 107
 1635, 834, -27, 106
 1636, 835, -27, 106
 1637, 835, -27, 107
 1638, 836, -27, 107
 1639, 836, -27, 107
 1640, 837, -27, 107
 1641, 837, -27, 107
 1642, 838, -27, 107
 1643, 838, -28, 107
 1644, 839, -28, 107
 1645, 839, -28, 107
 1646, 840, -28, 107
 1647, 840, -28, 106
 1648, 841, -27, 107
 1649, 841, -28, 107
 1650, 842, -27, 106
 1651, 842, -27, 107
 1652, 843, -28, 107
 1653, 843, -27, 107
 1654, 844, -27, 107
 1655, 844, -27, 107
 1656, 845, -28, 107
 1657, 845, -28, 107
 1658, 846, -28, 107
 1659, 846, -28, 107
 1660, 847, -27, 107
 1661, 847, -27, 106
 1662, 848, -27, 107
 1663, 848, -27, 107
 1664, 849, -27, 106
 1665, 849, -27, 107
 1666, 850, -27, 107
 1667, 850, -27, 107
 1668, 851, -27, 106
 1669, 851, -27, 60
 1670, 852, -28, 107
 1671, 852, -27, 106
 1672, 853, -27, 107
 1673, 853, -27, 107
 1674, 854, -27, 107
 1675, 854, -27, 106
 1676, 855, -27, 107
 1677, 855, -27, 107
 1678, 856, -27, 106
 1679, 856, -27, 107
 1680, 857, -27, 107
 1681, 857, -27, 107
 1682, 858, -27, 107
 1683, 858, -27, 107
 1684, 859, -27, 107
 1685, 859, -27, 106
 1686, 860, -27, 107
 1687, 860, -27, 107
 1688, 861, -27, 96
 1689, 861, -27, 106
 1690, 862, -28, 107
 1691, 862, -27, 107
 1692, 863, -27, 107
 1693, 863, -28, 107
 1694, 864, -27, 107
 1695, 864, -27, 107
 1696, 865, -27, 107
 1697, 865, -27, 107
 1698, 866, -27, 107
 1699, 866, -27, 104
 1700, 867, -27, 106
 1701, 867, -27, 107
 1702, 868, -27, 107
 1703, 868, -28, 105
 1704, 869, -28, 106
 1705, 869, -27, 107
 1706, 870, -27, 106
 1707, 870, -27, 107
 1708, 871, -27, 107
 1709, 871, -27, 107
 1710, 872, -27, 107
 1711, 872, -28, 107
 1712, 873, -27, 107
 1713, 873, -28, 107
 1714, 874, -28, 107
 1715, 874, -27, 107
 1716, 875, -27, 107
 1717, 875, -28, 107
 1718, 876, -28, 107
 1719, 876, -28, 107
 1720, 877, -28, 107
 1721, 877, -27, 107
 1722, 878, -27, 107
 1723, 878, -28, 106
 1724, 879, -28, 107
 1725, 879, -27, 107
 1726, 880, -28, 107
 1727, 880, -28, 107
 1728, 881, -28, 107
 1729, 881, -28, 107
 1730, 882, -28, 107
 1731, 882, -28, 107
 1732, 883, -28, 107
 1733, 883, -28, 107
 1734, 884, -28, 107
 1735, 884, -28, 107
 1736, 885, -28, 107
 1737, 885, -28, 107
 1738, 886, -28, 106
 1739, 886, -28, 107
 1740, 887, -28, 107
 1741, 887, -28, 107
 1742, 888, -28, 107
 1743, 888, -27, 107
 1744, 889, -27, 107
 1745, 889, -27, 107
 1746, 890, -27, 107
 1747, 890, -27, 107
 1748, 891, -27, 107
 1749, 891, -27, 107
 1750, 892, -27, 107
 1751, 892, -27, 107
 1752, 893, -27, 107
 1753, 893, -27, 107
 1754, 894, -27, 107
 1755, 894, -27, 107
 1756, 895, -27, 107
 1757, 895, -27, 107
 1758, 896, -27, 106
 1759, 896, -27, 106
 1760, 897, -27, 107
 1761, 897, -27, 107
 1762, 898, -27, 107
 1763, 898, -27, 107
 1764, 899, -27, 107
 1765, 899, -27, 106
 1766, 900, -27, 107
 1767, 900, -27, 107
 1768, 901, -27, 107
 1769, 901, -27, 107
 1770, 902, -27, 107
 1771, 902, -27, 107
 1772, 903, -27, 107
 1773, 903, -27, 107
 1774, 904, -27, 107
 1775, 904, -27, 106
 1776, 905, -27, 107
 1777, 905, -27, 107
 1778, 906, -27, 107
 1779, 906, -27, 107
 1780, 907, -27, 107
 1781, 907, -27, 107
 1782, 908, -27, 108
 1783, 908, -27, 107
 1784, 909, -27, 107
 1785, 909, -27, 107
 1786, 910, -27, 107
 1787, 910, -27, 107
 1788, 911, -27, 107
 1789, 911, -27, 107
 1790, 912, -27, 107
 1791, 912, -28, 107
 1792, 913, -27, 107
 1793, 913, -27, 107
 1794, 914, -27, 107
 1795, 914, -27, 107
 1796, 915, -27, 107
 1797, 915, -27, 107
 1798, 916, -27, 107
 1799, 916, -27, 107
 1800, 917, -27, 107
 1801, 917, -27, 107
 1802, 918, -27, 107
 1803, 918, -27, 107
 1804, 919, -27, 105
 1805, 919, -27, 107
 1806, 920, -27, 107
 1807, 920, -27, 107
 1808, 921, -27, 107
 1809, 921, -27, 107
 1810, 922, -27, 106
 1811, 922, -27, 107
 1812, 923, -27, 107
 1813, 923, -27, 107
 1814, 924, -27, 107
 1815, 924, -27, 107
 1816, 925, -27, 107
 1817, 925, -28, 107
 1818, 926, -27, 106
 1819, 926, -27, 107
 1820, 927, -27, 107
 1821, 927, -27, 107
 1822, 928, -27, 107
