 1, 40, -69, 107
 2, 40, -69, 107
 3, 41, -70, 107
 4, 41, -70, 107
 5, 42, -72, 107
 6, 42, -71, 107
 7, 43, -70, 107
 8, 43, -70, 107
 9, 44, -80, 108
 10, 44, -75, 108
 11, 45, -74, 107
 12, 45, -73, 107
 13, 46, -71, 108
 14, 46, -72, 108
 15, 47, -72, 108
 16, 47, -74, 107
 17, 48, -74, 107
 18, 48, -74, 107
 19, 49, -72, 107
 20, 49, -72, 106
 21, 50, -69, 106
 22, 50, -72, 107
 23, 51, -72, 107
 24, 51, -73, 108
 25, 52, -72, 107
 26, 52, -75, 108
 27, 53, -71, 107
 28, 53, -70, 107
 29, 54, -71, 107
 30, 54, -73, 108
 31, 55, -72, 108
 32, 55, -72, 107
 33, 56, -72, 67
 34, 56, -74, 107
 35, 57, -72, 107
 36, 57, -72, 107
 37, 58, -70, 107
 38, 58, -72, 107
 39, 59, -72, 107
 40, 59, -71, 108
 41, 60, -72, 107
 42, 60, -72, 107
 43, 61, -71, 106
 44, 61, -74, 107
 45, 62, -69, 106
 46, 62, -70, 106
 47, 63, -70, 108
 48, 63, -73, 108
 49, 64, -73, 107
 50, 64, -73, 107
 51, 65, -72, 107
 52, 65, -72, 107
 53, 66, -72, 107
 54, 66, -75, 108
 55, 67, -72, 106
 56, 67, -72, 107
 57, 68, -72, 107
 58, 68, -72, 108
 59, 69, -73, 107
 60, 69, -72, 107
 61, 70, -74, 108
 62, 70, -71, 107
 63, 71, -72, 108
 64, 71, -72, 107
 65, 72, -71, 108
 66, 72, -71, 107
 67, 73, -70, 107
 68, 73, -71, 107
 69, 74, -71, 107
 70, 74, -73, 107
 71, 75, -72, 107
 72, 75, -73, 107
 73, 76, -73, 107
 74, 76, -73, 107
 75, 77, -73, 107
 76, 77, -72, 106
 77, 78, -72, 106
 78, 78, -73, 106
 79, 79, -72, 108
 80, 79, -72, 108
 81, 80, -72, 107
 82, 80, -70, 107
 83, 81, -71, 107
 84, 81, -72, 107
 85, 82, -72, 107
 86, 82, -71, 106
 87, 83, -70, 107
 88, 83, -69, 107
 89, 84, -72, 107
 90, 84, -72, 107
 91, 85, -71, 108
 92, 85, -71, 107
 93, 86, -72, 107
 94, 86, -74, 107
 95, 87, -72, 108
 96, 87, -72, 107
 97, 88, -71, 107
 98, 88, -71, 106
 99, 89, -71, 107
 100, 89, -72, 107
 101, 90, -72, 107
 102, 90, -71, 107
 103, 91, -71, 107
 104, 91, -71, 108
 105, 92, -72, 107
 106, 92, -72, 108
 107, 93, -72, 107
 108, 93, -71, 107
 109, 94, -72, 107
 110, 94, -71, 107
 111, 95, -70, 107
 112, 95, -70, 107
 113, 96, -71, 107
 114, 96, -71, 108
 115, 97, -71, 107
 116, 97, -70, 106
 117, 98, -70, 107
 118, 98, -71, 107
 119, 99, -72, 108
 120, 99, -72, 107
 121, 100, -69, 107
 122, 100, -69, 107
 123, 101, -69, 108
 124, 101, -69, 108
 125, 102, -69, 107
 126, 102, -70, 107
 127, 103, -70, 107
 128, 103, -69, 107
 129, 104, -70, 107
 130, 104, -70, 107
 131, 105, -70, 107
 132, 105, -70, 107
 133, 106, -69, 107
 134, 106, -71, 107
 135, 107, -72, 108
 136, 107, -72, 107
 137, 108, -71, 107
 138, 108, -70, 107
 139, 109, -72, 107
 140, 109, -72, 107
 141, 110, -72, 107
 142, 110, -73, 107
 143, 111, -72, 106
 144, 111, -73, 107
 145, 112, -73, 108
 146, 112, -73, 108
 147, 113, -74, 108
 148, 113, -72, 107
 149, 114, -70, 107
 150, 114, -72, 108
 151, 115, -72, 107
 152, 115, -72, 107
 153, 116, -72, 108
 154, 116, -72, 108
 155, 117, -72, 108
 156, 117, -71, 108
 157, 118, -70, 108
 158, 118, -72, 108
 159, 119, -72, 107
 160, 119, -71, 107
 161, 120, -70, 107
 162, 120, -70, 107
 163, 121, -70, 108
 164, 121, -70, 107
 165, 122, -71, 108
 166, 122, -72, 107
 167, 123, -72, 107
 168, 123, -71, 107
 169, 124, -72, 108
 170, 124, -72, 108
 171, 125, -70, 108
 172, 125, -71, 108
 173, 126, -70, 107
 174, 126, -71, 107
 175, 127, -70, 107
 176, 127, -69, 108
 177, 128, -70, 107
 178, 128, -71, 107
 179, 129, -70, 106
 180, 129, -70, 107
 181, 130, -71, 107
 182, 130, -71, 107
 183, 131, -70, 107
 184, 131, -69, 107
 185, 132, -71, 107
 186, 132, -72, 107
 187, 133, -70, 107
 188, 133, -70, 107
 189, 134, -70, 106
 190, 134, -69, 107
 191, 135, -70, 108
 192, 135, -70, 107
 193, 136, -70, 107
 194, 136, -69, 107
 195, 137, -68, 107
 196, 137, -69, 108
 197, 138, -71, 108
 198, 138, -72, 107
 199, 139, -71, 107
 200, 139, -71, 107
 201, 140, -70, 106
 202, 140, -70, 107
 203, 141, -70, 107
 204, 141, -70, 107
 205, 142, -70, 106
 206, 142, -70, 107
 207, 143, -70, 108
 208, 143, -71, 107
 209, 144, -70, 106
 210, 144, -70, 107
 211, 145, -70, 107
 212, 145, -71, 107
 213, 146, -71, 107
 214, 146, -70, 107
 215, 147, -71, 108
 216, 147, -69, 107
 217, 148, -70, 108
 218, 148, -69, 108
 219, 149, -70, 107
 220, 149, -70, 108
 221, 150, -70, 107
 222, 150, -70, 107
 223, 151, -70, 108
 224, 151, -69, 107
 225, 152, -69, 107
 226, 152, -69, 108
 227, 153, -70, 107
 228, 153, -69, 107
 229, 154, -69, 108
 230, 154, -69, 107
 231, 155, -69, 107
 232, 155, -69, 107
 233, 156, -69, 108
 234, 156, -69, 107
 235, 157, -70, 107
 236, 157, -69, 107
 237, 158, -70, 108
 238, 158, -71, 107
 239, 159, -72, 107
 240, 159, -70, 107
 241, 160, -72, 107
 242, 160, -71, 29
 243, 161, -70, 107
 244, 161, -70, 107
 245, 162, -71, 107
 246, 162, -70, 107
 247, 163, -71, 107
 248, 163, -70, 108
 249, 164, -72, 107
 250, 164, -70, 108
 251, 165, -70, 107
 252, 165, -70, 108
 253, 166, -70, 107
 254, 166, -70, 107
 255, 167, -70, 107
 256, 167, -70, 107
 257, 168, -69, 107
 258, 168, -70, 107
 259, 169, -69, 107
 260, 169, -71, 106
 261, 170, -71, 107
 262, 170, -71, 108
 263, 171, -71, 107
 264, 171, -69, 108
 265, 172, -69, 108
 266, 172, -69, 107
 267, 173, -70, 108
 268, 173, -70, 108
 269, 174, -69, 108
 270, 174, -70, 107
 271, 175, -69, 107
 272, 175, -69, 107
 273, 176, -70, 107
 274, 176, -70, 108
 275, 177, -70, 107
 276, 177, -70, 107
 277, 178, -69, 107
 278, 178, -69, 107
 279, 179, -70, 107
 280, 179, -70, 108
 281, 180, -69, 107
 282, 180, -69, 107
 283, 181, -69, 107
 284, 181, -69, 108
 285, 182, -70, 108
 286, 182, -70, 107
 287, 183, -70, 107
 288, 183, -69, 107
 289, 184, -69, 107
 290, 184, -69, 107
 291, 185, -69, 107
 292, 185, -69, 108
 293, 186, -69, 108
 294, 186, -70, 108
 295, 187, -71, 108
 296, 187, -71, 108
 297, 188, -70, 108
 298, 188, -70, 107
 299, 189, -72, 107
 300, 189, -71, 107
 301, 190, -71, 107
 302, 190, -70, 108
 303, 191, -70, 107
 304, 191, -69, 107
 305, 192, -69, 108
 306, 192, -69, 108
 307, 193, -69, 108
 308, 193, -70, 107
 309, 194, -69, 107
 310, 194, -69, 106
 311, 195, -69, 107
 312, 195, -70, 107
 313, 196, -69, 107
 314, 196, -70, 108
 315, 197, -69, 107
 316, 197, -69, 106
 317, 198, -69, 106
 318, 198, -69, 105
 319, 199, -69, 107
 320, 199, -68, 107
 321, 200, -70, 107
 322, 200, -68, 106
 323, 201, -69, 106
 324, 201, -69, 107
 325, 202, -69, 106
 326, 202, -69, 107
 327, 203, -68, 106
 328, 203, -68, 108
 329, 204, -68, 107
 330, 204, -68, 107
 331, 205, -68, 107
 332, 205, -69, 108
 333, 206, -69, 107
 334, 206, -69, 107
 335, 207, -69, 107
 336, 207, -69, 108
 337, 208, -70, 107
 338, 208, -69, 107
 339, 209, -69, 107
 340, 209, -70, 106
 341, 210, -70, 108
 342, 210, -70, 106
 343, 211, -70, 107
 344, 211, -71, 107
 345, 212, -70, 108
 346, 212, -70, 108
 347, 213, -70, 107
 348, 213, -71, 108
 349, 214, -70, 108
 350, 214, -70, 106
 351, 215, -69, 107
 352, 215, -69, 107
 353, 216, -69, 107
 354, 216, -68, 107
 355, 217, -69, 107
 356, 217, -70, 107
 357, 218, -69, 108
 358, 218, -70, 107
 359, 219, -69, 107
 360, 219, -69, 107
 361, 220, -70, 107
 362, 220, -69, 108
 363, 221, -70, 107
 364, 221, -70, 107
 365, 222, -69, 107
 366, 222, -69, 107
 367, 223, -71, 107
 368, 223, -70, 107
 369, 224, -70, 107
 370, 224, -71, 107
 371, 225, -70, 107
 372, 225, -71, 107
 373, 226, -72, 107
 374, 226, -72, 107
 375, 227, -71, 107
 376, 227, -72, 107
 377, 228, -71, 106
 378, 228, -71, 107
 379, 229, -70, 107
 380, 229, -72, 107
 381, 230, -70, 107
 382, 230, -72, 106
 383, 231, -70, 107
 384, 231, -70, 108
 385, 232, -71, 107
 386, 232, -71, 107
 387, 233, -72, 107
 388, 233, -70, 107
 389, 234, -70, 107
 390, 234, -70, 108
 391, 235, -69, 107
 392, 235, -70, 106
 393, 236, -72, 107
 394, 236, -71, 107
 395, 237, -71, 107
 396, 237, -70, 107
 397, 238, -71, 107
 398, 238, -69, 108
 399, 239, -71, 107
 400, 239, -70, 107
 401, 240, -70, 107
 402, 240, -70, 108
 403, 241, -71, 106
 404, 241, -72, 107
 405, 242, -71, 108
 406, 242, -70, 108
 407, 243, -70, 108
 408, 243, -69, 107
 409, 244, -69, 107
 410, 244, -70, 106
 411, 245, -69, 108
 412, 245, -70, 107
 413, 246, -70, 107
 414, 246, -70, 107
 415, 247, -69, 108
 416, 247, -71, 107
 417, 248, -71, 108
 418, 248, -70, 108
 419, 249, -70, 107
 420, 249, -70, 107
 421, 250, -70, 108
 422, 250, -70, 107
 423, 251, -70, 108
 424, 251, -70, 107
 425, 252, -70, 107
 426, 252, -70, 107
 427, 253, -70, 108
 428, 253, -71, 107
 429, 254, -71, 107
 430, 254, -69, 107
 431, 255, -69, 106
 432, 255, -70, 105
 433, 256, -71, 107
 434, 256, -71, 107
 435, 257, -71, 108
 436, 257, -71, 108
 437, 258, -72, 107
 438, 258, -71, 108
 439, 259, -72, 107
 440, 259, -71, 106
 441, 260, -71, 108
 442, 260, -71, 107
 443, 261, -70, 107
 444, 261, -70, 107
 445, 262, -71, 108
 446, 262, -71, 107
 447, 263, -71, 107
 448, 263, -70, 108
 449, 264, -70, 107
 450, 264, -70, 107
 451, 265, -70, 107
 452, 265, -70, 108
 453, 266, -70, 108
 454, 266, -70, 106
 455, 267, -70, 107
 456, 267, -71, 108
 457, 268, -70, 107
 458, 268, -70, 107
 459, 269, -69, 107
 460, 269, -70, 108
 461, 270, -70, 108
 462, 270, -70, 108
 463, 271, -70, 107
 464, 271, -70, 107
 465, 272, -70, 108
 466, 272, -70, 108
 467, 273, -70, 107
 468, 273, -70, 107
 469, 274, -70, 107
 470, 274, -70, 107
 471, 275, -70, 107
 472, 275, -70, 107
 473, 276, -70, 107
 474, 276, -70, 107
 475, 277, -70, 107
 476, 277, -70, 107
 477, 278, -70, 108
 478, 278, -70, 107
 479, 279, -70, 108
 480, 279, -71, 108
 481, 280, -71, 108
 482, 280, -71, 106
 483, 281, -71, 107
 484, 281, -71, 108
 485, 282, -71, 108
 486, 282, -72, 108
 487, 283, -72, 107
 488, 283, -72, 107
 489, 284, -72, 108
 490, 284, -72, 107
 491, 285, -72, 108
 492, 285, -72, 107
 493, 286, -72, 107
 494, 286, -72, 107
 495, 287, -72, 108
 496, 287, -71, 107
 497, 288, -70, 107
 498, 288, -72, 108
 499, 289, -71, 107
 500, 289, -70, 107
 501, 290, -71, 108
 502, 290, -71, 108
 503, 291, -70, 107
 504, 291, -70, 107
 505, 292, -71, 107
 506, 292, -70, 107
 507, 293, -70, 107
 508, 293, -70, 106
 509, 294, -70, 106
 510, 294, -70, 107
 511, 295, -71, 107
 512, 295, -71, 107
 513, 296, -70, 107
 514, 296, -71, 107
 515, 297, -71, 108
 516, 297, -71, 108
 517, 298, -70, 107
 518, 298, -70, 107
 519, 299, -70, 108
 520, 299, -70, 107
 521, 300, -70, 107
 522, 300, -71, 107
 523, 301, -71, 107
 524, 301, -71, 107
 525, 302, -72, 108
 526, 302, -71, 107
 527, 303, -71, 108
 528, 303, -71, 108
 529, 304, -71, 107
 530, 304, -71, 106
 531, 305, -72, 107
 532, 305, -72, 107
 533, 306, -73, 107
 534, 306, -72, 107
 535, 307, -72, 107
 536, 307, -72, 107
 537, 308, -73, 107
 538, 308, -72, 107
 539, 309, -72, 107
 540, 309, -71, 107
 541, 310, -70, 108
 542, 310, -71, 106
 543, 311, -72, 107
 544, 311, -70, 108
 545, 312, -72, 107
 546, 312, -72, 107
 547, 313, -72, 107
 548, 313, -72, 108
 549, 314, -71, 107
 550, 314, -71, 108
 551, 315, -70, 106
 552, 315, -70, 107
 553, 316, -71, 108
 554, 316, -71, 108
 555, 317, -71, 108
 556, 317, -72, 108
 557, 318, -72, 108
 558, 318, -72, 107
 559, 319, -71, 108
 560, 319, -73, 108
 561, 320, -73, 108
 562, 320, -70, 108
 563, 321, -70, 107
 564, 321, -72, 107
 565, 322, -73, 108
 566, 322, -72, 107
 567, 323, -72, 107
 568, 323, -72, 108
 569, 324, -71, 107
 570, 324, -71, 108
 571, 325, -71, 106
 572, 325, -71, 108
 573, 326, -72, 107
 574, 326, -72, 107
 575, 327, -72, 108
 576, 327, -72, 108
 577, 328, -71, 107
 578, 328, -71, 107
 579, 329, -72, 108
 580, 329, -71, 107
 581, 330, -70, 108
 582, 330, -71, 107
 583, 331, -72, 108
 584, 331, -71, 107
 585, 332, -70, 107
 586, 332, -69, 107
 587, 333, -72, 107
 588, 333, -72, 107
 589, 334, -72, 107
 590, 334, -72, 108
 591, 335, -73, 108
 592, 335, -72, 108
 593, 336, -73, 108
 594, 336, -73, 108
 595, 337, -73, 107
 596, 337, -72, 107
 597, 338, -72, 107
 598, 338, -72, 107
 599, 339, -72, 107
 600, 339, -72, 107
 601, 340, -71, 107
 602, 340, -72, 107
 603, 341, -72, 107
 604, 341, -72, 107
 605, 342, -72, 107
 606, 342, -72, 108
 607, 343, -71, 108
 608, 343, -70, 107
 609, 344, -70, 106
 610, 344, -72, 107
 611, 345, -72, 108
 612, 345, -70, 107
 613, 346, -70, 107
 614, 346, -70, 107
 615, 347, -70, 108
 616, 347, -71, 108
 617, 348, -71, 107
 618, 348, -71, 106
 619, 349, -71, 108
 620, 349, -72, 107
 621, 350, -71, 107
 622, 350, -71, 108
 623, 351, -70, 107
 624, 351, -71, 107
 625, 352, -71, 106
 626, 352, -71, 107
 627, 353, -71, 108
 628, 353, -70, 107
 629, 354, -71, 108
 630, 354, -72, 107
 631, 355, -70, 108
 632, 355, -71, 107
 633, 356, -72, 106
 634, 356, -72, 107
 635, 357, -71, 108
 636, 357, -72, 107
 637, 358, -71, 107
 638, 358, -72, 107
 639, 359, -73, 108
 640, 359, -73, 108
 641, 360, -72, 108
 642, 360, -71, 107
 643, 361, -72, 107
 644, 361, -72, 108
 645, 362, -74, 105
 646, 362, -73, 107
 647, 363, -72, 107
 648, 363, -72, 108
 649, 364, -72, 108
 650, 364, -72, 108
 651, 365, -72, 107
 652, 365, -73, 107
 653, 366, -72, 107
 654, 366, -73, 107
 655, 367, -72, 108
 656, 367, -71, 108
 657, 368, -73, 107
 658, 368, -72, 108
 659, 369, -73, 108
 660, 369, -73, 106
 661, 370, -72, 108
 662, 370, -73, 108
 663, 371, -73, 108
 664, 371, -72, 108
 665, 372, -70, 108
 666, 372, -70, 108
 667, 373, -71, 108
 668, 373, -72, 108
 669, 374, -72, 108
 670, 374, -70, 108
 671, 375, -73, 108
 672, 375, -72, 108
 673, 376, -71, 107
 674, 376, -70, 107
 675, 377, -70, 106
 676, 377, -71, 107
 677, 378, -72, 107
 678, 378, -71, 107
 679, 379, -72, 107
 680, 379, -72, 108
 681, 380, -71, 108
 682, 380, -72, 107
 683, 381, -73, 107
 684, 381, -71, 107
 685, 382, -73, 108
 686, 382, -73, 107
 687, 383, -70, 107
 688, 383, -72, 107
 689, 384, -71, 107
 690, 384, -70, 107
 691, 385, -71, 107
 692, 385, -72, 108
 693, 386, -72, 107
 694, 386, -72, 107
 695, 387, -72, 108
 696, 387, -72, 108
 697, 388, -72, 108
 698, 388, -72, 106
 699, 389, -72, 107
 700, 389, -72, 107
 701, 390, -72, 108
 702, 390, -72, 108
 703, 391, -72, 107
 704, 391, -71, 107
 705, 392, -71, 107
 706, 392, -70, 107
 707, 393, -70, 108
 708, 393, -70, 107
 709, 394, -70, 108
 710, 394, -71, 107
 711, 395, -71, 108
 712, 395, -71, 107
 713, 396, -70, 108
 714, 396, -70, 108
 715, 397, -71, 107
 716, 397, -71, 107
 717, 398, -71, 107
 718, 398, -71, 107
 719, 399, -71, 108
 0, 448, -72, 107
 1, 448, -72, 107
 2, 449, -72, 107
 3, 449, -72, 107
 4, 450, -71, 107
 5, 450, -71, 106
 6, 451, -71, 106
 7, 451, -72, 107
 8, 452, -72, 106
 9, 452, -72, 107
 10, 453, -72, 107
 11, 453, -72, 108
 12, 454, -72, 107
 13, 454, -72, 107
 14, 455, -72, 107
 15, 455, -71, 107
 16, 456, -71, 108
 17, 456, -71, 107
 18, 457, -71, 108
 19, 457, -71, 107
 20, 458, -70, 107
 21, 458, -71, 107
 22, 459, -70, 106
 23, 459, -70, 106
 24, 460, -72, 107
 25, 460, -71, 107
 26, 461, -71, 107
 27, 461, -71, 107
 28, 462, -71, 106
 29, 462, -72, 107
 30, 463, -72, 107
 31, 463, -72, 107
 32, 464, -72, 106
 33, 464, -71, 106
 34, 465, -72, 107
 35, 465, -72, 107
 36, 466, -72, 107
 37, 466, -72, 107
 38, 467, -71, 106
 39, 467, -71, 107
 40, 468, -71, 107
 41, 468, -71, 107
 42, 469, -71, 107
 43, 469, -71, 107
 44, 470, -71, 106
 45, 470, -71, 107
 46, 471, -71, 107
 47, 471, -72, 107
 48, 472, -72, 107
 49, 472, -71, 107
 50, 473, -71, 107
 51, 473, -71, 106
 52, 474, -71, 107
 53, 474, -72, 107
 54, 475, -71, 107
 55, 475, -71, 107
 56, 476, -70, 107
 57, 476, -70, 108
 58, 477, -72, 107
 59, 477, -73, 108
 60, 478, -71, 107
 61, 478, -72, 107
 62, 479, -72, 108
 63, 479, -72, 107
 64, 480, -70, 107
 65, 480, -70, 108
 66, 481, -69, 108
 67, 482, -71, 107
 68, 482, -70, 107
 69, 483, -71, 107
 70, 483, -70, 107
 71, 483, -73, 107
 72, 484, -70, 107
 73, 484, -71, 107
 74, 485, -72, 108
 75, 485, -69, 107
 76, 486, -68, 107
 77, 486, -67, 107
 78, 487, -68, 107
 79, 487, -68, 107
 80, 488, -67, 107
 81, 488, -67, 107
 82, 489, -68, 106
 83, 489, -67, 107
 84, 490, -68, 108
 85, 490, -66, 107
 86, 491, -70, 106
 87, 491, -67, 107
 88, 492, -73, 106
 89, 492, -72, 107
 90, 493, -72, 107
 91, 493, -75, 107
 92, 494, -75, 107
 93, 494, -72, 107
 94, 495, -73, 107
 95, 495, -72, 107
 96, 496, -73, 107
 97, 496, -75, 107
 98, 497, -72, 107
 99, 497, -72, 107
 100, 498, -72, 108
 101, 498, -71, 107
 102, 499, -72, 107
 103, 499, -72, 107
 104, 500, -72, 107
 105, 500, -72, 107
 106, 501, -72, 107
 107, 501, -72, 106
 108, 502, -72, 107
 109, 502, -73, 107
 110, 503, -72, 107
 111, 503, -72, 107
 112, 504, -73, 108
 113, 504, -72, 107
 114, 505, -72, 107
 115, 505, -72, 107
 116, 506, -72, 107
 117, 506, -72, 106
 118, 507, -72, 107
 119, 507, -72, 107
 120, 508, -72, 107
 121, 508, -73, 107
 122, 509, -72, 107
 123, 509, -73, 107
 124, 510, -72, 107
 125, 510, -72, 107
 126, 511, -72, 107
 127, 511, -72, 107
 128, 512, -72, 107
 129, 512, -72, 107
 130, 513, -72, 107
 131, 513, -73, 107
 132, 514, -74, 108
 133, 514, -74, 108
 134, 515, -73, 107
 135, 515, -73, 107
 136, 516, -73, 108
 137, 516, -73, 107
 138, 517, -73, 107
 139, 517, -72, 107
 140, 518, -72, 107
 141, 518, -71, 107
 142, 519, -71, 104
 143, 519, -73, 108
 144, 520, -72, 108
 145, 520, -72, 107
 146, 521, -72, 107
 147, 521, -72, 108
 148, 522, -72, 108
 149, 522, -72, 107
 150, 523, -73, 107
 151, 523, -72, 108
 152, 524, -72, 108
 153, 524, -69, 107
 154, 525, -69, 108
 155, 525, -72, 107
 156, 526, -72, 107
 157, 526, -74, 107
 158, 527, -74, 107
 159, 527, -72, 107
 160, 528, -73, 107
 161, 528, -72, 107
 162, 529, -72, 107
 163, 529, -72, 107
 164, 530, -72, 107
 165, 530, -72, 107
 166, 531, -71, 107
 167, 531, -71, 107
 168, 532, -72, 107
 169, 532, -72, 107
 170, 533, -75, 108
 171, 533, -75, 107
 172, 534, -75, 108
 173, 534, -75, 107
 174, 535, -76, 107
 175, 535, -75, 107
 176, 536, -75, 107
 177, 536, -75, 108
 178, 537, -75, 107
 179, 537, -75, 107
 180, 538, -72, 107
 181, 538, -69, 107
 182, 539, -71, 107
 183, 539, -72, 107
 184, 540, -73, 107
 185, 540, -71, 107
 186, 541, -73, 107
 187, 542, -71, 108
 188, 542, -73, 107
 189, 542, -71, 107
 190, 543, -70, 107
 191, 543, -71, 107
 192, 544, -73, 106
 193, 545, -69, 107
 194, 545, -71, 108
 195, 545, -73, 107
 196, 546, -74, 107
 197, 546, -72, 107
 198, 547, -72, 108
 199, 547, -72, 107
 200, 548, -72, 106
 201, 548, -73, 108
 202, 549, -73, 107
 203, 549, -73, 106
 204, 550, -72, 107
 205, 550, -73, 107
 206, 551, -73, 108
 207, 551, -73, 107
 208, 552, -72, 107
 209, 552, -72, 108
 210, 553, -72, 107
 211, 553, -71, 107
 212, 554, -73, 107
 213, 554, -71, 108
 214, 555, -73, 107
 215, 555, -72, 108
 216, 556, -72, 107
 217, 556, -72, 107
 218, 557, -72, 108
 219, 557, -72, 107
 220, 558, -71, 108
 221, 558, -70, 108
 222, 559, -70, 108
 223, 559, -71, 108
 224, 560, -72, 107
 225, 560, -71, 107
 226, 561, -72, 107
 227, 561, -71, 108
 228, 562, -73, 108
 229, 562, -73, 108
 230, 563, -72, 108
 231, 563, -70, 108
 232, 564, -70, 108
 233, 564, -71, 108
 234, 565, -70, 107
 235, 565, -71, 107
 236, 566, -71, 108
 237, 566, -72, 108
 238, 567, -73, 108
 239, 567, -74, 108
 240, 568, -73, 108
 241, 568, -73, 107
 242, 569, -73, 108
 243, 569, -72, 107
 244, 570, -73, 108
 245, 570, -73, 108
 246, 571, -72, 107
 247, 571, -73, 108
 248, 572, -72, 108
 249, 572, -72, 107
 250, 573, -73, 107
 251, 573, -75, 108
 252, 574, -74, 107
 253, 574, -73, 108
 254, 575, -72, 108
 255, 575, -73, 108
 256, 576, -73, 107
 257, 576, -73, 106
 258, 577, -74, 108
 259, 577, -73, 108
 260, 578, -73, 108
 261, 578, -73, 108
 262, 579, -74, 107
 263, 579, -74, 108
 264, 580, -72, 107
 265, 580, -73, 107
 266, 581, -72, 108
 267, 581, -73, 107
 268, 582, -72, 107
 269, 582, -72, 107
 270, 583, -72, 107
 271, 583, -73, 108
 272, 584, -73, 108
 273, 584, -73, 107
 274, 585, -74, 107
 275, 585, -73, 106
 276, 586, -75, 108
 277, 586, -75, 107
 278, 587, -75, 107
 279, 587, -73, 108
 280, 588, -72, 107
 281, 588, -72, 107
 282, 589, -72, 107
 283, 589, -72, 107
 284, 590, -73, 107
 285, 590, -74, 107
 286, 591, -73, 106
 287, 591, -74, 108
 288, 592, -76, 107
 289, 592, -75, 107
 290, 593, -77, 106
 291, 593, -75, 108
 292, 594, -75, 108
 293, 594, -74, 107
 294, 595, -75, 107
 295, 595, -74, 108
 296, 596, -73, 107
 297, 596, -73, 107
 298, 597, -73, 108
 299, 597, -74, 107
 300, 598, -74, 107
 301, 598, -71, 107
 302, 599, -71, 108
 303, 599, -71, 108
 304, 600, -73, 107
 305, 600, -73, 108
 306, 601, -71, 107
 307, 601, -72, 107
 308, 602, -70, 107
 309, 602, -71, 107
 310, 603, -72, 106
 311, 603, -71, 107
 312, 604, -72, 107
 313, 604, -72, 107
 314, 605, -71, 107
 315, 605, -71, 107
 316, 606, -70, 107
 317, 606, -70, 107
 318, 607, -71, 107
 319, 607, -70, 107
 320, 608, -71, 107
 321, 608, -71, 107
 322, 609, -71, 107
 323, 609, -72, 107
 324, 610, -71, 107
 325, 610, -70, 108
 326, 611, -70, 107
 327, 612, -72, 108
 328, 612, -72, 107
 329, 612, -73, 107
 330, 613, -73, 107
 331, 613, -72, 108
 332, 614, -71, 107
 333, 614, -72, 108
 334, 615, -74, 107
 335, 615, -72, 107
 336, 616, -74, 108
 337, 616, -74, 107
 338, 617, -74, 108
 339, 617, -75, 107
 340, 618, -74, 107
 341, 618, -73, 108
 342, 619, -75, 108
 343, 619, -73, 106
 344, 620, -73, 107
 345, 620, -73, 107
 346, 621, -73, 107
 347, 621, -75, 107
 348, 622, -75, 107
 349, 622, -74, 106
 350, 623, -72, 107
 351, 623, -72, 107
 352, 624, -73, 107
 353, 624, -72, 107
 354, 625, -73, 107
 355, 625, -72, 108
 356, 626, -72, 106
 357, 626, -71, 107
 358, 627, -70, 107
 359, 627, -71, 107
 360, 628, -70, 107
 361, 628, -71, 108
 362, 629, -72, 107
 363, 629, -71, 107
 364, 630, -71, 107
 365, 630, -72, 107
 366, 631, -72, 107
 367, 631, -73, 107
 368, 632, -72, 107
 369, 632, -73, 106
 370, 633, -70, 106
 371, 634, -70, 107
 372, 634, -71, 107
 373, 634, -71, 107
 374, 635, -71, 106
 375, 635, -71, 107
 376, 636, -70, 107
 377, 636, -70, 107
 378, 637, -70, 107
 379, 637, -69, 107
 380, 638, -70, 107
 381, 638, -69, 108
 382, 639, -70, 107
 383, 639, -70, 107
 384, 640, -70, 108
 385, 640, -70, 106
 386, 641, -71, 107
 387, 641, -72, 107
 388, 642, -71, 107
 389, 642, -70, 107
 390, 643, -72, 106
 391, 643, -72, 107
 392, 644, -71, 107
 393, 644, -72, 108
 394, 645, -71, 107
 395, 645, -70, 107
 396, 646, -72, 108
 397, 646, -70, 108
 398, 647, -73, 106
 399, 647, -71, 107
 400, 648, -72, 108
 401, 648, -72, 107
 402, 649, -73, 108
 403, 649, -73, 107
 404, 650, -70, 106
 405, 650, -70, 108
 406, 651, -70, 107
 407, 651, -70, 107
 408, 652, -71, 108
 409, 652, -70, 107
 410, 653, -70, 107
 411, 653, -71, 107
 412, 654, -70, 107
 413, 654, -71, 107
 414, 655, -71, 107
 415, 655, -71, 107
 416, 656, -71, 106
 417, 656, -71, 106
 418, 657, -71, 107
 419, 657, -71, 107
 420, 658, -70, 107
 421, 658, -70, 106
 422, 659, -70, 106
 423, 659, -70, 107
 424, 660, -70, 107
 425, 660, -72, 107
 426, 661, -70, 107
 427, 662, -70, 108
 428, 662, -71, 107
 429, 662, -70, 107
 430, 663, -71, 107
 431, 663, -70, 107
 432, 664, -71, 107
 433, 664, -73, 107
 434, 665, -73, 108
 435, 665, -73, 107
 436, 666, -75, 107
 437, 666, -74, 107
 438, 667, -75, 107
 439, 667, -75, 107
 440, 668, -75, 106
 441, 668, -72, 107
 442, 669, -71, 107
 443, 669, -71, 107
 444, 670, -72, 108
 445, 670, -73, 108
 446, 671, -73, 108
 447, 671, -73, 107
 448, 672, -72, 107
 449, 672, -71, 108
 450, 673, -70, 107
 451, 673, -71, 108
 452, 674, -71, 108
 453, 674, -73, 108
 454, 675, -72, 107
 455, 675, -72, 108
 456, 676, -71, 107
 457, 676, -72, 107
 458, 677, -72, 107
 459, 677, -72, 107
 460, 678, -72, 107
 461, 678, -70, 107
 462, 679, -72, 108
 463, 679, -72, 106
 464, 680, -71, 107
 465, 680, -72, 108
 466, 681, -71, 107
 467, 681, -70, 107
 468, 682, -70, 107
 469, 682, -70, 107
 470, 683, -70, 107
 471, 683, -69, 107
 472, 684, -70, 108
 473, 684, -71, 108
 474, 685, -72, 107
 475, 685, -72, 107
 476, 686, -72, 108
 477, 686, -71, 107
 478, 687, -71, 107
 479, 687, -71, 108
 480, 688, -70, 108
 481, 688, -71, 107
 482, 689, -71, 107
 483, 690, -71, 107
 484, 690, -72, 107
 485, 690, -71, 108
 486, 691, -72, 106
 487, 691, -72, 107
 488, 692, -72, 107
 489, 692, -72, 107
 490, 693, -72, 108
 491, 693, -73, 107
 492, 694, -73, 107
 493, 694, -73, 107
 494, 695, -73, 107
 495, 695, -73, 107
 496, 696, -72, 107
 497, 696, -72, 107
 498, 697, -72, 107
 499, 697, -72, 107
 500, 698, -72, 107
 501, 698, -72, 107
 502, 699, -72, 107
 503, 699, -71, 107
 504, 700, -74, 108
 505, 700, -72, 108
 506, 701, -71, 107
 507, 701, -71, 107
 508, 702, -73, 108
 509, 702, -70, 107
 510, 703, -72, 108
 511, 703, -71, 107
 512, 704, -72, 106
 513, 704, -73, 107
 514, 705, -72, 106
 515, 705, -72, 107
 516, 706, -71, 107
 517, 706, -72, 107
 518, 707, -72, 107
 519, 707, -71, 107
 520, 708, -69, 107
 521, 708, -70, 107
 522, 709, -71, 108
 523, 709, -71, 107
 524, 710, -70, 107
 525, 710, -70, 108
 526, 711, -70, 107
 527, 711, -70, 107
 528, 712, -70, 108
 529, 712, -71, 107
 530, 713, -70, 106
 531, 713, -71, 107
 532, 714, -70, 108
 533, 714, -70, 107
 534, 715, -70, 106
 535, 715, -70, 107
 536, 716, -70, 106
 537, 716, -70, 107
 538, 717, -70, 107
 539, 717, -70, 107
 540, 718, -70, 107
 541, 718, -71, 107
 542, 719, -71, 108
 543, 719, -70, 107
 544, 720, -69, 107
 545, 720, -70, 108
 546, 721, -72, 108
 547, 722, -70, 108
 548, 722, -70, 108
 549, 722, -69, 108
 550, 723, -70, 108
 551, 723, -71, 107
 552, 724, -72, 107
 553, 724, -72, 107
 554, 725, -72, 107
 555, 725, -73, 108
 556, 726, -73, 108
 557, 726, -72, 107
 558, 727, -73, 108
 559, 727, -72, 108
 560, 728, -72, 108
 561, 728, -72, 108
 562, 729, -72, 107
 563, 729, -74, 107
 564, 730, -72, 107
 565, 730, -71, 107
 566, 731, -72, 107
 567, 732, -72, 108
 568, 732, -72, 108
 569, 732, -71, 107
 570, 733, -72, 107
 571, 733, -72, 107
 572, 734, -72, 106
 573, 734, -72, 107
 574, 735, -73, 107
 575, 735, -74, 108
 576, 736, -74, 107
 577, 736, -72, 107
 578, 737, -74, 108
 579, 737, -73, 108
 580, 738, -74, 107
 581, 738, -74, 107
 582, 739, -73, 107
 583, 739, -75, 107
 584, 740, -75, 106
 585, 740, -74, 107
 586, 741, -72, 107
 587, 741, -73, 107
 588, 742, -75, 108
 589, 742, -74, 107
 590, 743, -73, 107
 591, 743, -73, 107
 592, 744, -74, 108
 593, 744, -73, 108
 594, 745, -74, 107
 595, 745, -73, 108
 596, 746, -74, 107
 597, 746, -74, 107
 598, 747, -74, 107
 599, 747, -73, 107
 600, 748, -73, 107
 601, 748, -73, 106
 602, 749, -72, 106
 603, 749, -73, 108
 604, 750, -72, 106
 605, 750, -72, 108
 606, 751, -73, 106
 607, 751, -74, 107
 608, 752, -72, 107
 609, 752, -72, 106
 610, 753, -73, 106
 611, 754, -75, 107
 612, 754, -74, 107
 613, 754, -72, 107
 614, 755, -72, 107
 615, 755, -74, 107
 616, 756, -72, 107
 617, 756, -71, 108
 618, 757, -73, 107
 619, 757, -72, 107
 620, 758, -72, 108
 621, 758, -73, 108
 622, 759, -72, 107
 623, 759, -72, 107
 624, 760, -72, 106
 625, 760, -72, 107
 626, 761, -73, 108
 627, 761, -74, 107
 628, 762, -74, 107
 629, 762, -74, 108
 630, 763, -73, 108
 631, 763, -73, 108
 632, 764, -73, 108
 633, 764, -73, 108
 634, 765, -74, 108
 635, 765, -73, 107
 636, 766, -73, 108
 637, 766, -73, 107
 638, 767, -72, 107
 639, 767, -72, 107
 640, 768, -74, 107
 641, 768, -74, 108
 642, 769, -73, 107
 643, 769, -72, 107
 644, 770, -72, 107
 645, 770, -73, 107
 646, 771, -73, 107
 647, 771, -72, 106
 648, 772, -72, 106
 649, 772, -73, 108
 650, 773, -72, 108
 651, 773, -70, 107
 652, 774, -69, 107
 653, 774, -72, 108
 654, 775, -73, 108
 655, 775, -72, 107
 656, 776, -71, 108
 657, 776, -71, 107
 658, 777, -74, 107
 659, 777, -72, 107
 660, 778, -72, 107
 661, 778, -72, 107
 662, 779, -72, 107
 663, 779, -72, 107
 664, 780, -72, 108
 665, 780, -72, 108
 666, 781, -71, 107
 667, 781, -70, 106
 668, 782, -72, 107
 669, 782, -72, 107
 670, 783, -72, 108
 671, 783, -72, 108
 672, 784, -73, 107
 673, 784, -72, 107
 674, 785, -71, 107
 675, 785, -71, 108
 676, 786, -72, 107
 677, 786, -72, 108
 678, 787, -72, 104
 679, 787, -71, 106
 680, 788, -73, 108
 681, 788, -71, 106
 682, 789, -71, 107
 683, 789, -71, 106
 684, 790, -71, 106
 685, 790, -70, 108
 686, 791, -69, 107
 687, 791, -69, 107
 688, 792, -69, 106
 689, 792, -70, 107
 690, 793, -71, 108
 691, 793, -71, 106
 692, 794, -70, 107
 693, 794, -71, 107
 694, 795, -71, 106
 695, 795, -72, 107
 696, 796, -71, 106
 697, 796, -72, 107
 698, 797, -72, 107
 699, 797, -73, 107
 700, 798, -72, 107
 701, 799, -70, 107
 702, 799, -72, 108
 703, 799, -71, 107
 704, 800, -72, 107
 705, 800, -71, 107
 706, 801, -72, 108
 707, 801, -71, 107
 708, 802, -73, 107
 709, 802, -73, 107
 710, 803, -73, 107
 711, 803, -73, 106
 712, 804, -73, 107
 713, 804, -73, 107
 714, 805, -73, 107
 715, 805, -73, 107
 716, 806, -72, 107
 717, 806, -71, 107
 718, 807, -72, 107
 719, 807, -71, 108
 720, 808, -71, 107
 721, 808, -70, 107
 722, 809, -71, 107
 723, 809, -71, 108
 724, 810, -72, 108
 725, 810, -72, 107
 726, 811, -72, 108
 727, 811, -72, 107
 728, 812, -71, 108
 729, 812, -70, 107
 730, 813, -70, 107
 731, 813, -69, 107
 732, 814, -69, 107
 733, 814, -69, 107
 734, 815, -69, 107
 735, 815, -69, 107
 736, 816, -69, 106
 737, 816, -69, 107
 738, 817, -69, 107
 739, 817, -70, 108
 740, 818, -70, 107
 741, 818, -71, 107
 742, 819, -69, 107
 743, 819, -70, 108
 744, 820, -70, 107
 745, 820, -69, 108
 746, 821, -69, 106
 747, 821, -69, 107
 748, 822, -69, 108
 749, 822, -69, 107
 750, 823, -69, 107
 751, 823, -69, 107
 752, 824, -70, 107
 753, 824, -69, 108
 754, 825, -70, 108
 755, 825, -69, 108
 756, 826, -69, 107
 757, 826, -70, 107
 758, 827, -69, 107
 759, 827, -69, 107
 760, 828, -69, 107
 761, 828, -69, 108
 762, 829, -70, 106
 763, 829, -70, 106
 764, 830, -70, 106
 765, 830, -71, 105
 766, 831, -70, 107
 767, 832, -67, 106
 768, 832, -67, 107
 769, 832, -66, 107
 770, 833, -66, 106
 771, 833, -66, 107
 772, 834, -66, 106
 773, 834, -66, 108
 774, 835, -67, 108
 775, 835, -66, 107
 776, 836, -66, 107
 777, 836, -66, 107
 778, 837, -67, 108
 779, 837, -67, 107
 780, 838, -68, 107
 781, 838, -67, 106
 782, 839, -67, 107
 783, 839, -67, 108
 784, 840, -68, 108
 785, 840, -67, 107
 786, 841, -67, 107
 787, 841, -66, 107
 788, 842, -67, 107
 789, 842, -66, 107
 790, 843, -67, 107
 791, 843, -67, 107
 792, 844, -66, 107
 793, 844, -66, 108
 794, 845, -66, 108
 795, 845, -66, 107
 796, 846, -66, 106
 797, 846, -67, 107
 798, 847, -66, 107
 799, 847, -67, 108
 800, 848, -67, 107
 801, 848, -66, 106
 802, 849, -67, 107
 803, 849, -67, 107
 804, 850, -67, 107
 805, 850, -67, 108
 806, 851, -67, 108
 807, 851, -67, 107
 808, 852, -67, 107
 809, 852, -66, 107
 810, 853, -66, 107
 811, 853, -67, 107
 812, 854, -66, 107
 813, 854, -66, 107
 814, 855, -66, 107
 815, 855, -66, 107
 816, 856, -66, 107
 817, 856, -66, 107
 818, 857, -66, 107
 819, 857, -66, 107
 820, 858, -67, 107
 821, 858, -66, 107
 822, 859, -67, 107
 823, 859, -66, 106
 824, 860, -66, 108
 825, 860, -66, 107
 826, 861, -66, 107
 827, 861, -67, 107
 828, 862, -67, 107
 829, 862, -67, 107
 830, 863, -67, 107
 831, 863, -67, 108
 832, 864, -67, 107
 833, 864, -67, 107
 834, 865, -67, 107
 835, 865, -67, 107
 836, 866, -67, 107
 837, 866, -66, 108
 838, 867, -66, 107
 839, 867, -67, 107
 840, 868, -67, 107
 841, 868, -67, 107
 842, 869, -67, 107
 843, 869, -67, 107
 844, 870, -66, 108
 845, 871, -67, 107
 846, 871, -67, 107
 847, 871, -67, 108
 848, 872, -67, 107
 849, 872, -66, 107
 850, 873, -67, 107
 851, 874, -67, 108
 852, 874, -67, 108
 853, 874, -66, 107
 854, 875, -67, 108
 855, 875, -67, 108
 856, 876, -67, 107
 857, 876, -67, 107
 858, 877, -67, 107
 859, 877, -67, 107
 860, 878, -67, 107
 861, 878, -67, 108
 862, 879, -67, 106
 863, 879, -67, 107
 864, 880, -67, 108
 865, 880, -66, 107
 866, 881, -67, 107
 867, 881, -67, 107
 868, 882, -66, 108
 869, 882, -67, 108
 870, 883, -67, 107
 871, 883, -67, 107
 872, 884, -67, 107
 873, 884, -67, 107
 874, 885, -67, 107
 875, 885, -67, 107
 876, 886, -67, 108
 877, 886, -67, 107
 878, 887, -69, 107
 879, 887, -69, 108
 880, 888, -69, 107
 881, 888, -70, 108
 882, 889, -68, 107
 883, 889, -67, 107
 884, 890, -68, 107
 885, 890, -69, 107
 886, 891, -68, 107
 887, 891, -68, 107
 888, 892, -70, 108
 889, 892, -69, 107
 890, 893, -69, 107
 891, 893, -69, 107
 892, 894, -69, 107
 893, 894, -69, 108
 894, 895, -70, 108
 895, 895, -68, 107
 896, 896, -67, 107
 897, 896, -70, 107
 898, 897, -70, 108
 899, 897, -70, 107
 900, 898, -69, 107
 901, 898, -70, 108
 902, 899, -69, 107
 903, 899, -69, 107
 904, 900, -70, 108
 905, 900, -69, 107
 906, 901, -69, 107
 907, 902, -70, 108
 908, 902, -70, 108
 909, 902, -69, 106
 910, 903, -70, 107
 911, 904, -70, 108
 912, 904, -70, 107
 913, 904, -69, 107
 914, 905, -70, 107
 915, 905, -69, 107
 916, 906, -69, 107
 917, 906, -69, 107
 918, 907, -69, 107
 919, 907, -70, 107
 920, 908, -70, 107
 921, 908, -69, 107
 922, 909, -71, 107
 923, 909, -70, 107
 924, 910, -68, 107
 925, 910, -69, 107
 926, 911, -69, 108
 927, 911, -68, 107
 928, 912, -68, 107
 929, 912, -67, 107
 930, 913, -68, 108
 931, 913, -68, 107
 932, 914, -67, 108
 933, 914, -67, 106
 934, 915, -68, 108
 935, 915, -68, 107
 936, 916, -69, 107
 937, 916, -68, 107
 938, 917, -68, 108
 939, 917, -68, 107
 940, 918, -69, 107
 941, 918, -68, 108
 942, 919, -69, 107
 943, 919, -69, 108
 944, 920, -69, 108
 945, 920, -67, 107
 946, 921, -71, 108
 947, 921, -69, 108
 948, 922, -67, 107
 949, 922, -67, 107
 950, 923, -68, 107
 951, 923, -68, 107
 952, 924, -66, 108
 953, 924, -66, 108
 954, 925, -66, 107
 955, 925, -66, 107
 956, 926, -68, 108
 957, 926, -69, 107
 958, 927, -66, 107
 959, 927, -66, 108
 960, 928, -67, 107
 961, 928, -67, 108
 962, 929, -67, 107
 963, 929, -67, 108
 964, 930, -68, 107
 965, 930, -69, 107
 966, 931, -69, 89
 967, 931, -68, 107
 968, 932, -69, 107
 969, 932, -69, 107
 970, 933, -69, 107
 971, 934, -69, 107
 972, 934, -69, 108
 973, 934, -68, 108
 974, 935, -67, 108
 975, 935, -67, 107
 976, 936, -69, 108
 977, 936, -67, 107
 978, 937, -67, 107
 979, 937, -67, 107
 980, 938, -68, 108
 981, 939, -67, 105
 982, 939, -68, 106
 983, 939, -69, 107
 984, 940, -69, 107
 985, 940, -69, 107
 986, 941, -68, 108
 987, 941, -67, 107
 988, 942, -68, 107
 989, 942, -67, 108
 990, 943, -67, 108
 991, 943, -68, 108
 992, 944, -69, 107
 993, 944, -69, 107
 994, 945, -68, 106
 995, 945, -68, 108
 996, 946, -67, 108
 997, 946, -67, 107
 998, 947, -67, 106
 999, 947, -67, 106
 1000, 948, -67, 107
 1001, 949, -67, 107
 1002, 949, -67, 107
 1003, 949, -67, 108
 1004, 950, -67, 108
 1005, 950, -67, 107
 1006, 951, -67, 107
 1007, 951, -67, 107
 1008, 952, -67, 107
 1009, 952, -67, 107
 1010, 953, -67, 108
 1011, 954, -67, 107
 1012, 954, -66, 106
 1013, 954, -67, 106
 1014, 955, -66, 107
 1015, 955, -66, 107
 1016, 956, -66, 107
 1017, 956, -66, 107
 1018, 957, -66, 108
 1019, 957, -67, 106
 1020, 958, -67, 108
 1021, 958, -68, 107
 1022, 959, -68, 107
 1023, 959, -68, 107
 1024, 960, -69, 108
 1025, 960, -69, 107
 1026, 961, -69, 107
 1027, 962, -70, 107
 1028, 962, -70, 108
 1029, 962, -68, 107
 1030, 963, -70, 108
 1031, 963, -69, 107
 1032, 964, -67, 106
 1033, 964, -68, 107
 1034, 965, -69, 106
 1035, 965, -70, 108
 1036, 966, -70, 108
 1037, 966, -70, 108
 1038, 967, -69, 107
 1039, 967, -69, 108
 1040, 968, -69, 107
 1041, 968, -71, 107
 1042, 969, -70, 108
 1043, 969, -69, 107
 1044, 970, -69, 108
 1045, 970, -69, 107
 1046, 971, -68, 106
 1047, 971, -68, 108
 1048, 972, -69, 107
 1049, 972, -69, 108
 1050, 973, -69, 108
 1051, 973, -69, 107
 1052, 974, -69, 107
 1053, 974, -68, 106
 1054, 975, -69, 107
 1055, 975, -69, 107
 1056, 976, -68, 107
 1057, 976, -68, 107
 1058, 977, -68, 107
 1059, 977, -68, 107
 1060, 978, -68, 107
 1061, 978, -68, 107
 1062, 979, -68, 107
 1063, 979, -68, 107
 1064, 980, -68, 107
 1065, 980, -68, 107
 1066, 981, -67, 108
 1067, 981, -68, 107
 1068, 982, -68, 107
 1069, 982, -69, 107
 1070, 983, -69, 107
 1071, 983, -70, 108
 1072, 984, -72, 107
 1073, 984, -70, 108
 1074, 985, -70, 108
 1075, 985, -71, 108
 1076, 986, -70, 106
 1077, 986, -69, 108
 1078, 987, -70, 108
 1079, 987, -70, 108
 1080, 988, -69, 107
 1081, 988, -70, 107
 1082, 989, -69, 108
 1083, 989, -68, 107
 1084, 990, -70, 106
 1085, 990, -69, 106
 1086, 991, -68, 107
 1087, 991, -69, 107
 1088, 992, -69, 107
 1089, 992, -69, 108
 1090, 993, -68, 107
 1091, 994, -70, 108
 1092, 994, -69, 107
 1093, 994, -69, 107
 1094, 995, -69, 107
 1095, 995, -70, 107
 1096, 996, -71, 108
 1097, 996, -71, 108
 1098, 997, -70, 107
 1099, 997, -70, 107
 1100, 998, -69, 107
 1101, 998, -70, 108
 1102, 999, -70, 107
 1103, 999, -70, 107
 1104, 1000, -69, 107
 1105, 1000, -69, 107
 1106, 1001, -69, 108
 1107, 1001, -69, 108
 1108, 1002, -68, 107
 1109, 1002, -68, 107
 1110, 1003, -70, 107
 1111, 1003, -70, 108
 1112, 1004, -70, 107
 1113, 1004, -69, 108
 1114, 1005, -69, 107
 1115, 1005, -70, 108
 1116, 1006, -69, 107
 1117, 1006, -68, 108
 1118, 1007, -70, 107
 1119, 1007, -71, 108
 1120, 1008, -70, 108
 1121, 1008, -70, 108
 1122, 1009, -67, 107
 1123, 1009, -68, 108
 1124, 1010, -71, 107
 1125, 1010, -70, 107
 1126, 1011, -70, 107
 1127, 1011, -69, 108
 1128, 1012, -69, 108
 1129, 1012, -67, 107
 1130, 1013, -68, 108
 1131, 1013, -68, 106
 1132, 1014, -67, 107
 1133, 1014, -68, 107
 1134, 1015, -68, 107
 1135, 1015, -69, 107
 1136, 1016, -70, 107
 1137, 1017, -69, 108
 1138, 1017, -68, 108
 1139, 1017, -68, 108
 1140, 1018, -69, 107
 1141, 1018, -68, 107
 1142, 1019, -69, 107
 1143, 1019, -70, 107
 1144, 1020, -67, 107
 1145, 1020, -66, 107
 1146, 1021, -68, 107
 1147, 1022, -70, 106
 1148, 1022, -70, 106
 1149, 1022, -69, 106
 1150, 1023, -68, 107
 1151, 1023, -70, 107
 1152, 1024, -69, 107
 1153, 1024, -67, 107
 1154, 1025, -70, 107
 1155, 1025, -69, 107
 1156, 1026, -68, 108
 1157, 1026, -75, 108
 1158, 1027, -67, 108
 1159, 1027, -66, 107
 1160, 1028, -65, 107
 1161, 1028, -66, 108
 1162, 1029, -66, 107
 1163, 1029, -68, 107
 1164, 1030, -66, 108
 1165, 1030, -66, 108
 1166, 1031, -65, 107
 1167, 1031, -68, 107
 1168, 1032, -67, 108
 1169, 1032, -67, 108
 1170, 1033, -66, 108
 1171, 1033, -67, 107
 1172, 1034, -67, 108
 1173, 1034, -68, 107
 1174, 1035, -68, 108
 1175, 1035, -68, 108
 1176, 1036, -67, 107
 1177, 1036, -67, 107
 1178, 1037, -67, 107
 1179, 1037, -67, 108
 1180, 1038, -67, 107
 1181, 1038, -69, 107
 1182, 1039, -67, 108
 1183, 1039, -68, 108
 1184, 1040, -67, 107
 1185, 1040, -67, 107
 1186, 1041, -67, 108
 1187, 1041, -68, 108
 1188, 1042, -67, 107
 1189, 1042, -68, 107
 1190, 1043, -69, 107
 1191, 1043, -68, 107
 1192, 1044, -67, 107
 1193, 1044, -69, 107
 1194, 1045, -69, 107
 1195, 1045, -68, 107
 1196, 1046, -69, 108
 1197, 1047, -69, 108
 1198, 1047, -69, 107
 1199, 1047, -70, 108
 1200, 1048, -71, 108
 1201, 1048, -69, 107
 1202, 1049, -68, 107
 1203, 1049, -69, 107
 1204, 1050, -69, 107
 1205, 1050, -69, 106
 1206, 1051, -69, 108
 1207, 1052, -70, 107
 1208, 1052, -70, 107
 1209, 1052, -69, 107
 1210, 1053, -69, 108
 1211, 1053, -69, 107
 1212, 1054, -68, 107
 1213, 1054, -70, 107
 1214, 1055, -70, 107
 1215, 1055, -69, 108
 1216, 1056, -69, 106
 1217, 1056, -69, 107
 1218, 1057, -69, 107
 1219, 1057, -68, 108
 1220, 1058, -68, 107
 1221, 1058, -68, 107
 1222, 1059, -67, 108
 1223, 1059, -67, 107
 1224, 1060, -67, 108
 1225, 1060, -67, 107
 1226, 1061, -67, 107
 1227, 1061, -68, 107
 1228, 1062, -68, 107
 1229, 1062, -69, 107
 1230, 1063, -69, 107
 1231, 1063, -68, 108
 1232, 1064, -67, 108
 1233, 1064, -66, 107
 1234, 1065, -68, 107
 1235, 1065, -67, 107
 1236, 1066, -67, 107
 1237, 1066, -67, 107
 1238, 1067, -69, 107
 1239, 1067, -69, 107
 1240, 1068, -68, 107
 1241, 1068, -68, 108
 1242, 1069, -68, 106
 1243, 1069, -68, 107
 1244, 1070, -67, 107
 1245, 1070, -68, 107
 1246, 1071, -69, 107
 1247, 1071, -68, 107
 1248, 1072, -69, 107
 1249, 1072, -69, 107
 1250, 1073, -68, 107
 1251, 1073, -69, 108
 1252, 1074, -69, 108
 1253, 1074, -69, 107
 1254, 1075, -69, 108
 1255, 1075, -69, 108
 1256, 1076, -69, 106
 1257, 1076, -69, 107
 1258, 1077, -70, 107
 1259, 1077, -69, 108
 1260, 1078, -69, 107
 1261, 1078, -70, 108
 1262, 1079, -69, 108
 1263, 1079, -70, 108
 1264, 1080, -70, 108
 1265, 1080, -70, 108
 1266, 1081, -70, 108
 1267, 1081, -72, 107
 1268, 1082, -72, 107
 1269, 1082, -71, 108
 1270, 1083, -70, 108
 1271, 1083, -71, 108
 1272, 1084, -72, 108
 1273, 1084, -72, 108
 1274, 1085, -71, 108
 1275, 1085, -69, 107
 1276, 1086, -70, 108
 1277, 1086, -71, 108
 1278, 1087, -69, 106
 1279, 1087, -71, 108
 1280, 1088, -70, 107
 1281, 1088, -69, 108
 1282, 1089, -68, 108
 1283, 1089, -68, 108
 1284, 1090, -70, 108
 1285, 1090, -70, 107
 1286, 1091, -69, 107
 1287, 1091, -69, 107
 1288, 1092, -70, 107
 1289, 1093, -67, 107
 1290, 1093, -68, 107
 1291, 1093, -68, 107
 1292, 1094, -68, 107
 1293, 1094, -69, 107
 1294, 1095, -67, 107
 1295, 1095, -67, 107
 1296, 1096, -70, 108
 1297, 1096, -69, 108
 1298, 1097, -71, 107
 1299, 1097, -71, 108
 1300, 1098, -70, 107
 1301, 1098, -69, 107
 1302, 1099, -70, 107
 1303, 1099, -70, 106
 1304, 1100, -70, 108
 1305, 1100, -71, 107
 1306, 1101, -69, 107
 1307, 1101, -71, 107
 1308, 1102, -71, 108
 1309, 1102, -69, 107
 1310, 1103, -71, 108
 1311, 1103, -70, 106
 1312, 1104, -71, 107
 1313, 1104, -75, 106
 1314, 1105, -67, 107
 1315, 1105, -69, 107
 1316, 1106, -72, 108
 1317, 1106, -69, 107
 1318, 1107, -70, 108
 1319, 1107, -69, 108
 1320, 1108, -73, 108
 1321, 1108, -67, 108
 1322, 1109, -66, 107
 1323, 1109, -69, 106
 1324, 1110, -72, 107
 1325, 1111, -73, 108
 1326, 1111, -71, 107
 1327, 1111, -68, 105
 1328, 1112, -70, 106
 1329, 1112, -69, 107
 1330, 1113, -70, 107
 1331, 1114, -68, 108
 1332, 1114, -70, 107
 1333, 1114, -69, 107
 1334, 1115, -68, 107
 1335, 1115, -67, 107
 1336, 1116, -68, 107
 1337, 1116, -69, 107
 1338, 1117, -68, 107
 1339, 1117, -72, 107
 1340, 1118, -67, 106
 1341, 1118, -66, 108
 1342, 1119, -69, 108
 1343, 1119, -68, 107
 1344, 1120, -68, 108
 1345, 1120, -69, 107
 1346, 1121, -66, 107
 1347, 1122, -75, 106
 1348, 1122, -68, 108
 1349, 1122, -68, 107
 1350, 1123, -72, 107
 1351, 1123, -68, 107
 1352, 1124, -66, 107
 1353, 1124, -70, 107
 1354, 1125, -71, 107
 1355, 1125, -72, 108
 1356, 1126, -65, 108
 1357, 1126, -73, 108
 1358, 1127, -71, 108
 1359, 1127, -72, 108
 1360, 1128, -68, 107
 1361, 1128, -69, 108
 1362, 1129, -67, 108
 1363, 1129, -69, 107
 1364, 1130, -69, 107
 1365, 1130, -70, 108
 1366, 1131, -69, 108
 1367, 1131, -70, 108
 1368, 1132, -72, 108
 1369, 1132, -70, 108
 1370, 1133, -69, 108
 1371, 1133, -69, 108
 1372, 1134, -70, 108
 1373, 1134, -70, 107
 1374, 1135, -71, 108
 1375, 1135, -72, 107
 1376, 1136, -69, 106
 1377, 1136, -70, 107
 1378, 1137, -69, 107
 1379, 1137, -70, 107
 1380, 1138, -71, 107
 1381, 1138, -72, 108
 1382, 1139, -72, 108
 1383, 1139, -70, 106
 1384, 1140, -69, 108
 1385, 1140, -72, 107
 1386, 1141, -69, 107
 1387, 1141, -70, 107
 1388, 1142, -72, 107
 1389, 1142, -70, 107
 1390, 1143, -71, 108
 1391, 1143, -69, 108
 1392, 1144, -68, 106
 1393, 1144, -70, 108
 1394, 1145, -70, 107
 1395, 1145, -69, 108
 1396, 1146, -69, 108
 1397, 1146, -70, 106
 1398, 1147, -69, 107
 1399, 1147, -70, 107
 1400, 1148, -70, 108
 1401, 1148, -70, 108
 1402, 1149, -69, 107
 1403, 1149, -71, 108
 1404, 1150, -69, 107
 1405, 1150, -70, 107
 1406, 1151, -73, 107
 1407, 1151, -68, 107
 1408, 1152, -69, 107
 1409, 1152, -69, 108
 1410, 1153, -70, 107
 1411, 1153, -70, 108
 1412, 1154, -70, 107
 1413, 1154, -69, 107
 1414, 1155, -69, 108
 1415, 1155, -72, 107
 1416, 1156, -71, 107
 1417, 1156, -69, 107
 1418, 1157, -70, 107
 1419, 1157, -70, 107
 1420, 1158, -71, 108
 1421, 1159, -71, 108
 1422, 1159, -69, 108
 1423, 1159, -70, 107
 1424, 1160, -68, 107
 1425, 1160, -68, 107
 1426, 1161, -69, 107
 1427, 1161, -70, 107
 1428, 1162, -70, 107
 1429, 1162, -67, 106
 1430, 1163, -69, 106
 1431, 1163, -68, 107
 1432, 1164, -69, 107
 1433, 1164, -67, 107
 1434, 1165, -67, 108
 1435, 1165, -67, 107
 1436, 1166, -69, 108
 1437, 1166, -68, 108
 1438, 1167, -66, 108
 1439, 1167, -67, 107
 1440, 1168, -66, 107
 1441, 1168, -68, 107
 1442, 1169, -67, 107
 1443, 1169, -67, 107
 1444, 1170, -70, 107
 1445, 1170, -69, 108
 1446, 1171, -67, 106
 1447, 1171, -68, 108
 1448, 1172, -69, 107
 1449, 1172, -69, 108
 1450, 1173, -68, 107
 1451, 1174, -67, 108
 1452, 1174, -68, 108
 1453, 1174, -70, 108
 1454, 1175, -68, 108
 1455, 1175, -70, 107
 1456, 1176, -68, 107
 1457, 1176, -68, 107
 1458, 1177, -68, 107
 1459, 1177, -70, 107
 1460, 1178, -70, 107
 1461, 1178, -69, 106
 1462, 1179, -69, 108
 1463, 1179, -69, 107
 1464, 1180, -70, 107
 1465, 1180, -68, 107
 1466, 1181, -69, 108
 1467, 1182, -69, 107
 1468, 1182, -68, 108
 1469, 1183, -68, 107
 1470, 1183, -69, 107
 1471, 1183, -70, 107
 1472, 1184, -67, 107
 1473, 1184, -67, 107
 1474, 1185, -68, 107
 1475, 1185, -67, 108
 1476, 1186, -67, 107
 1477, 1186, -66, 108
 1478, 1187, -65, 107
 1479, 1187, -66, 108
 1480, 1188, -64, 108
 1481, 1188, -66, 108
 1482, 1189, -67, 108
 1483, 1189, -69, 107
 1484, 1190, -69, 106
 1485, 1190, -72, 107
 1486, 1191, -67, 108
 1487, 1191, -66, 107
 1488, 1192, -67, 107
 1489, 1193, -68, 107
 1490, 1193, -68, 108
 1491, 1193, -66, 107
 1492, 1194, -68, 107
 1493, 1194, -67, 107
 1494, 1195, -68, 106
 1495, 1195, -67, 107
 1496, 1196, -67, 107
 1497, 1196, -67, 106
 1498, 1197, -67, 107
 1499, 1197, -68, 108
 1500, 1198, -67, 107
 1501, 1198, -69, 107
 1502, 1199, -68, 107
 1503, 1199, -67, 108
 1504, 1200, -68, 107
 1505, 1200, -69, 108
 1506, 1201, -68, 108
 1507, 1202, -67, 107
 1508, 1202, -68, 108
 1509, 1202, -67, 108
 1510, 1203, -67, 108
 1511, 1203, -67, 107
 1512, 1204, -68, 107
 1513, 1204, -68, 107
 1514, 1205, -68, 108
 1515, 1205, -67, 107
 1516, 1206, -67, 108
 1517, 1206, -66, 107
 1518, 1207, -66, 106
 1519, 1207, -66, 107
 1520, 1208, -66, 107
 1521, 1208, -66, 107
 1522, 1209, -65, 107
 1523, 1209, -66, 107
 1524, 1210, -65, 107
 1525, 1210, -66, 107
 1526, 1211, -66, 107
 1527, 1211, -66, 108
 1528, 1212, -66, 107
 1529, 1212, -66, 107
 1530, 1213, -67, 107
 1531, 1213, -67, 108
 1532, 1214, -67, 108
 1533, 1214, -66, 106
 1534, 1215, -67, 107
 1535, 1215, -67, 107
 1536, 1216, -67, 107
 1537, 1216, -67, 107
 1538, 1217, -68, 107
 1539, 1217, -68, 107
 1540, 1218, -66, 106
 1541, 1218, -68, 108
 1542, 1219, -67, 107
 1543, 1219, -68, 108
 1544, 1220, -68, 108
 1545, 1220, -67, 107
 1546, 1221, -67, 107
 1547, 1221, -67, 107
 1548, 1222, -67, 107
 1549, 1222, -67, 108
 1550, 1223, -67, 108
 1551, 1223, -68, 107
 1552, 1224, -68, 107
 1553, 1224, -68, 107
 1554, 1225, -69, 106
 1555, 1225, -68, 107
 1556, 1226, -68, 107
 1557, 1226, -70, 108
 1558, 1227, -69, 107
 1559, 1227, -67, 107
 1560, 1228, -67, 107
 1561, 1228, -67, 108
 1562, 1229, -67, 107
 1563, 1229, -67, 107
 1564, 1230, -67, 108
 1565, 1230, -67, 107
 1566, 1231, -67, 108
 1567, 1231, -68, 107
 1568, 1232, -68, 107
 1569, 1232, -68, 107
 1570, 1233, -68, 107
 1571, 1233, -68, 107
 1572, 1234, -69, 107
 1573, 1235, -69, 107
 1574, 1235, -70, 107
 1575, 1235, -69, 108
 1576, 1236, -68, 107
 1577, 1236, -69, 108
 1578, 1237, -69, 108
 1579, 1237, -68, 107
 1580, 1238, -67, 108
 1581, 1238, -67, 108
 1582, 1239, -67, 107
 1583, 1239, -67, 106
 1584, 1240, -67, 107
 1585, 1240, -67, 108
 1586, 1241, -68, 107
 1587, 1241, -69, 108
 1588, 1242, -69, 108
 1589, 1242, -69, 107
 1590, 1243, -68, 108
 1591, 1243, -69, 107
 1592, 1244, -69, 107
 1593, 1244, -70, 107
 1594, 1245, -70, 107
 1595, 1245, -68, 107
 1596, 1246, -68, 107
 1597, 1246, -68, 107
 1598, 1247, -68, 107
 1599, 1247, -68, 107
 1600, 1248, -67, 107
 1601, 1248, -67, 107
 1602, 1249, -68, 107
 1603, 1249, -67, 108
 1604, 1250, -67, 107
 1605, 1250, -67, 107
 1606, 1251, -67, 107
 1607, 1251, -66, 107
 1608, 1252, -66, 107
 1609, 1252, -67, 107
 1610, 1253, -68, 107
 1611, 1253, -68, 107
 1612, 1254, -67, 107
 1613, 1254, -68, 107
 1614, 1255, -66, 106
 1615, 1255, -66, 108
 1616, 1256, -66, 107
 1617, 1257, -66, 107
 1618, 1257, -66, 107
 1619, 1257, -66, 107
 1620, 1258, -66, 107
 1621, 1258, -66, 107
 1622, 1259, -67, 107
 1623, 1259, -68, 107
 1624, 1260, -68, 108
 1625, 1260, -68, 107
 1626, 1261, -67, 107
 1627, 1262, -67, 107
 1628, 1262, -67, 107
 1629, 1262, -67, 106
 1630, 1263, -67, 106
 1631, 1263, -67, 107
 1632, 1264, -67, 107
 1633, 1264, -67, 107
 1634, 1265, -67, 107
 1635, 1265, -67, 107
 1636, 1266, -68, 107
 1637, 1266, -67, 108
 1638, 1267, -68, 107
 1639, 1267, -68, 107
 1640, 1268, -67, 107
 1641, 1268, -66, 107
 1642, 1269, -65, 108
 1643, 1269, -66, 107
 1644, 1270, -64, 107
 1645, 1270, -66, 106
 1646, 1271, -66, 108
 1647, 1271, -66, 107
 1648, 1272, -66, 107
 1649, 1273, -67, 107
 1650, 1273, -66, 108
 1651, 1273, -69, 106
 1652, 1274, -69, 108
 1653, 1274, -69, 108
 1654, 1275, -67, 107
 1655, 1275, -66, 107
 1656, 1276, -65, 107
 1657, 1277, -66, 107
 1658, 1277, -66, 107
 1659, 1277, -65, 108
 1660, 1278, -66, 108
 1661, 1278, -65, 107
 1662, 1279, -67, 107
 1663, 1279, -66, 108
 1664, 1280, -67, 107
 1665, 1280, -69, 107
 1666, 1281, -67, 108
 1667, 1281, -67, 107
 1668, 1282, -67, 108
 1669, 1282, -67, 107
 1670, 1283, -69, 107
 1671, 1283, -65, 107
 1672, 1284, -67, 106
 1673, 1284, -67, 107
 1674, 1285, -67, 107
 1675, 1286, -68, 108
 1676, 1286, -67, 108
 1677, 1286, -67, 108
 1678, 1287, -67, 107
 1679, 1287, -68, 108
 1680, 1288, -69, 108
 1681, 1288, -69, 108
 1682, 1289, -68, 108
 1683, 1290, -68, 108
 1684, 1290, -69, 106
 1685, 1290, -67, 106
 1686, 1291, -66, 107
 1687, 1291, -67, 108
 1688, 1292, -67, 107
 1689, 1292, -67, 107
 1690, 1293, -66, 107
 1691, 1293, -67, 108
 1692, 1294, -66, 107
 1693, 1294, -66, 107
 1694, 1295, -67, 107
 1695, 1295, -68, 107
 1696, 1296, -68, 107
 1697, 1296, -67, 108
 1698, 1297, -68, 107
 1699, 1297, -67, 108
 1700, 1298, -69, 107
 1701, 1298, -68, 106
 1702, 1299, -68, 107
 1703, 1299, -67, 107
 1704, 1300, -68, 106
 1705, 1300, -67, 96
 1706, 1301, -68, 107
 1707, 1301, -68, 107
 1708, 1302, -69, 107
 1709, 1302, -69, 108
 1710, 1303, -68, 107
 1711, 1303, -67, 107
 1712, 1304, -67, 108
 1713, 1304, -67, 107
 1714, 1305, -67, 107
 1715, 1305, -69, 108
 1716, 1306, -69, 107
 1717, 1306, -69, 106
 1718, 1307, -69, 107
 1719, 1307, -68, 106
 1720, 1308, -68, 108
 1721, 1308, -68, 107
 1722, 1309, -69, 108
 1723, 1309, -68, 107
 1724, 1310, -69, 108
 1725, 1310, -67, 108
 1726, 1311, -68, 108
 1727, 1311, -68, 107
 1728, 1312, -68, 107
 1729, 1312, -67, 107
 1730, 1313, -67, 107
 1731, 1313, -67, 108
 1732, 1314, -67, 107
 1733, 1314, -66, 107
 1734, 1315, -66, 107
 1735, 1315, -66, 107
 1736, 1316, -66, 107
 1737, 1316, -67, 107
 1738, 1317, -67, 107
 1739, 1317, -66, 107
 1740, 1318, -66, 108
 1741, 1318, -67, 107
 1742, 1319, -67, 107
 1743, 1319, -67, 108
 1744, 1320, -67, 108
 1745, 1320, -67, 107
 1746, 1321, -67, 107
 1747, 1322, -68, 108
 1748, 1322, -67, 107
 1749, 1322, -69, 107
 1750, 1323, -68, 106
 1751, 1323, -68, 107
 1752, 1324, -68, 107
 1753, 1324, -69, 107
 1754, 1325, -69, 108
 1755, 1325, -69, 108
 1756, 1326, -67, 107
 1757, 1326, -68, 108
 1758, 1327, -68, 106
 1759, 1327, -69, 107
 1760, 1328, -69, 107
 1761, 1328, -69, 107
 1762, 1329, -68, 108
 1763, 1329, -68, 107
 1764, 1330, -68, 108
 1765, 1330, -67, 106
 1766, 1331, -67, 107
 1767, 1331, -68, 106
 1768, 1332, -68, 107
 1769, 1332, -68, 107
 1770, 1333, -67, 107
 1771, 1333, -67, 107
 1772, 1334, -68, 107
 1773, 1335, -68, 107
 1774, 1335, -68, 107
 1775, 1335, -68, 108
 1776, 1336, -68, 107
 1777, 1336, -68, 107
 1778, 1337, -69, 107
 1779, 1337, -69, 107
 1780, 1338, -69, 106
 1781, 1338, -69, 108
 1782, 1339, -68, 107
 1783, 1339, -69, 106
 1784, 1340, -69, 107
 1785, 1340, -70, 108
 1786, 1341, -69, 106
 1787, 1341, -69, 106
 1788, 1342, -69, 107
 1789, 1342, -68, 107
 1790, 1343, -69, 107
 1791, 1343, -68, 107
 1792, 1344, -68, 107
 1793, 1344, -67, 107
 1794, 1345, -69, 108
 1795, 1346, -69, 108
 1796, 1346, -69, 108
 1797, 1346, -69, 107
 1798, 1347, -69, 107
 1799, 1347, -69, 107
 1800, 1348, -68, 107
 1801, 1349, -68, 107
 1802, 1349, -68, 107
 1803, 1349, -69, 107
 1804, 1350, -68, 107
 1805, 1350, -68, 108
 1806, 1351, -68, 106
 1807, 1351, -68, 106
 1808, 1352, -67, 107
 1809, 1352, -67, 107
 1810, 1353, -68, 107
 1811, 1354, -68, 107
 1812, 1354, -69, 107
 1813, 1355, -68, 107
 1814, 1355, -68, 107
 1815, 1355, -68, 108
 1816, 1356, -68, 107
 1817, 1356, -68, 108
 1818, 1357, -68, 107
 1819, 1357, -68, 108
 1820, 1358, -68, 107
 1821, 1358, -68, 107
 1822, 1359, -68, 108
 1823, 1359, -67, 107
 1824, 1360, -68, 108
 1825, 1360, -68, 108
 1826, 1361, -68, 107
 1827, 1361, -69, 107
 1828, 1362, -68, 108
 1829, 1362, -67, 107
 1830, 1363, -68, 107
 1831, 1363, -68, 106
 1832, 1364, -68, 107
 1833, 1364, -67, 107
 1834, 1365, -68, 107
 1835, 1365, -68, 107
 1836, 1366, -68, 107
 1837, 1366, -68, 107
 1838, 1367, -68, 107
 1839, 1367, -68, 108
 1840, 1368, -67, 106
 1841, 1368, -67, 107
 1842, 1369, -67, 106
 1843, 1369, -67, 107
 1844, 1370, -68, 107
 1845, 1370, -68, 107
 1846, 1371, -68, 107
 1847, 1371, -67, 108
 1848, 1372, -68, 107
 1849, 1372, -68, 107
 1850, 1373, -68, 107
 1851, 1373, -67, 108
 1852, 1374, -67, 107
 1853, 1374, -67, 107
 1854, 1375, -67, 107
 1855, 1375, -68, 107
 1856, 1376, -68, 107
 1857, 1376, -68, 107
 1858, 1377, -68, 107
 1859, 1377, -68, 107
 1860, 1378, -68, 107
 1861, 1378, -68, 108
 1862, 1379, -68, 108
 1863, 1379, -68, 108
 1864, 1380, -69, 108
 1865, 1380, -69, 108
 1866, 1381, -69, 107
 1867, 1382, -69, 107
 1868, 1382, -69, 107
 1869, 1382, -69, 107
 1870, 1383, -69, 107
 1871, 1383, -70, 106
 1872, 1384, -70, 107
 1873, 1384, -70, 107
 1874, 1385, -67, 107
 1875, 1385, -67, 108
 1876, 1386, -70, 108
 1877, 1386, -67, 107
 1878, 1387, -72, 108
 1879, 1387, -68, 108
 1880, 1388, -68, 107
 1881, 1388, -66, 107
 1882, 1389, -71, 107
 1883, 1390, -66, 107
 1884, 1390, -65, 107
 1885, 1390, -65, 107
 1886, 1391, -64, 108
 1887, 1391, -72, 107
 1888, 1392, -70, 108
 1889, 1392, -67, 108
 1890, 1393, -68, 107
 1891, 1393, -69, 107
 1892, 1394, -69, 107
 1893, 1394, -68, 107
 1894, 1395, -68, 107
 1895, 1395, -68, 106
 1896, 1396, -67, 107
 1897, 1397, -69, 107
 1898, 1397, -69, 107
 1899, 1397, -69, 107
 1900, 1398, -72, 107
 1901, 1398, -67, 107
 1902, 1399, -64, 107
