 1, 182, -69, 107
 2, 182, -67, 107
 3, 183, -70, 108
 4, 183, -67, 107
 5, 184, -67, 107
 6, 184, -67, 106
 7, 185, -66, 108
 8, 185, -66, 108
 9, 186, -67, 108
 10, 186, -68, 108
 11, 187, -68, 108
 12, 187, -67, 108
 13, 188, -68, 108
 14, 188, -67, 108
 15, 189, -66, 108
 16, 189, -66, 107
 17, 190, -66, 108
 18, 190, -66, 108
 19, 191, -66, 107
 20, 191, -67, 108
 21, 192, -67, 108
 22, 192, -67, 108
 23, 193, -67, 108
 24, 193, -67, 108
 25, 194, -66, 108
 26, 194, -66, 108
 27, 195, -67, 107
 28, 195, -67, 108
 29, 196, -68, 108
 30, 196, -68, 107
 31, 197, -68, 108
 32, 197, -67, 108
 33, 198, -66, 108
 34, 198, -66, 108
 35, 199, -67, 108
 36, 199, -67, 107
 37, 200, -67, 108
 38, 200, -66, 108
 39, 201, -67, 108
 40, 201, -66, 108
 41, 202, -67, 107
 42, 202, -67, 108
 43, 203, -67, 108
 44, 203, -66, 108
 45, 204, -66, 108
 46, 204, -67, 108
 47, 205, -66, 108
 48, 205, -66, 108
 49, 206, -66, 108
 50, 206, -66, 108
 51, 207, -66, 107
 52, 207, -67, 108
 53, 208, -67, 107
 54, 208, -67, 108
 55, 209, -67, 108
 56, 209, -67, 108
 57, 210, -67, 108
 58, 210, -68, 108
 59, 211, -68, 108
 60, 211, -68, 108
 61, 212, -68, 108
 62, 212, -67, 108
 63, 213, -67, 108
 64, 213, -67, 108
 65, 214, -68, 108
 66, 214, -67, 107
 67, 215, -67, 108
 68, 215, -67, 106
 69, 216, -66, 108
 70, 216, -66, 108
 71, 217, -66, 108
 72, 217, -67, 107
 73, 218, -66, 108
 74, 218, -67, 108
 75, 219, -67, 108
 76, 219, -67, 108
 77, 220, -66, 107
 78, 220, -66, 108
 79, 221, -67, 108
 80, 221, -69, 108
 81, 222, -67, 108
 82, 222, -65, 108
 83, 223, -70, 108
 84, 223, -68, 108
 85, 224, -66, 108
 86, 224, -66, 108
 87, 225, -67, 108
 88, 225, -70, 108
 89, 226, -68, 108
 90, 226, -69, 107
 91, 227, -71, 108
 92, 227, -69, 108
 93, 228, -70, 108
 94, 228, -70, 108
 95, 229, -69, 108
 96, 229, -70, 107
 97, 230, -71, 108
 98, 230, -71, 108
 99, 231, -72, 108
 100, 231, -71, 108
 101, 232, -70, 108
 102, 232, -71, 108
 103, 233, -71, 108
 104, 233, -72, 107
 105, 234, -73, 108
 106, 234, -73, 108
 107, 235, -72, 108
 108, 235, -73, 108
 109, 236, -73, 108
 110, 236, -73, 108
 111, 237, -72, 108
 112, 237, -70, 108
 113, 238, -70, 107
 114, 238, -69, 108
 115, 239, -71, 108
 116, 239, -69, 107
 117, 240, -71, 108
 118, 240, -69, 108
 119, 241, -68, 107
 120, 241, -69, 108
 121, 242, -69, 108
 122, 242, -70, 108
 123, 243, -69, 108
 124, 243, -69, 108
 125, 244, -69, 103
 126, 244, -68, 108
 127, 245, -69, 108
 128, 245, -69, 108
 129, 246, -68, 108
 130, 246, -68, 108
 131, 247, -68, 108
 132, 247, -69, 108
 133, 248, -68, 108
 134, 248, -69, 107
 135, 249, -68, 108
 136, 249, -69, 107
 137, 250, -69, 106
 138, 250, -68, 108
 139, 251, -69, 108
 140, 251, -69, 108
 141, 252, -69, 108
 142, 252, -68, 108
 143, 253, -68, 108
 144, 253, -68, 108
 145, 254, -68, 108
 146, 254, -68, 100
 147, 255, -68, 107
 148, 255, -68, 108
 149, 256, -68, 108
 150, 256, -67, 108
 151, 257, -67, 104
 152, 257, -67, 103
 153, 258, -68, 108
 154, 258, -67, 108
 155, 259, -68, 108
 156, 259, -66, 108
 157, 260, -64, 108
 158, 260, -69, 108
 159, 261, -70, 108
 160, 261, -66, 108
 161, 262, -65, 108
 162, 262, -64, 108
 163, 263, -66, 107
 164, 263, -65, 108
 165, 264, -65, 108
 166, 264, -65, 108
 167, 265, -65, 108
 168, 265, -65, 107
 169, 266, -68, 108
 170, 266, -66, 108
 171, 267, -70, 108
 172, 267, -68, 108
 173, 268, -66, 108
 174, 268, -66, 108
 175, 269, -67, 107
 176, 269, -67, 108
 177, 270, -67, 108
 178, 270, -67, 108
 179, 271, -66, 107
 180, 271, -66, 108
 181, 272, -66, 108
 182, 272, -66, 108
 183, 273, -69, 103
 184, 273, -64, 107
 185, 274, -65, 108
 186, 274, -65, 108
 187, 275, -66, 108
 188, 275, -67, 108
 189, 276, -65, 107
 190, 276, -66, 108
 191, 277, -65, 108
 192, 277, -66, 107
 193, 278, -64, 108
 194, 278, -66, 108
 195, 279, -67, 103
 196, 279, -67, 107
 197, 280, -68, 108
 198, 280, -68, 108
 199, 281, -68, 107
 200, 281, -69, 108
 201, 282, -69, 108
 202, 282, -68, 108
 203, 283, -67, 108
 204, 283, -67, 108
 205, 284, -67, 108
 206, 284, -67, 108
 207, 285, -68, 108
 208, 285, -67, 107
 209, 286, -67, 108
 210, 286, -67, 108
 211, 287, -66, 108
 212, 287, -67, 108
 213, 288, -67, 107
 214, 288, -68, 108
 215, 289, -67, 107
 216, 289, -68, 108
 217, 290, -68, 107
 218, 290, -67, 108
 219, 291, -66, 107
 220, 291, -66, 108
 221, 292, -65, 108
 222, 292, -67, 108
 223, 293, -68, 108
 224, 293, -68, 107
 225, 294, -67, 108
 226, 294, -68, 108
 227, 295, -68, 108
 228, 295, -68, 108
 229, 296, -68, 108
 230, 296, -68, 107
 231, 297, -68, 107
 232, 297, -67, 108
 233, 298, -67, 108
 234, 298, -68, 108
 235, 299, -67, 108
 236, 299, -68, 108
 237, 300, -67, 108
 238, 300, -67, 108
 239, 301, -67, 108
 240, 301, -67, 108
 241, 302, -67, 108
 242, 302, -67, 104
 243, 303, -67, 108
 244, 303, -66, 107
 245, 304, -64, 108
 246, 304, -65, 105
 247, 305, -64, 106
 248, 305, -64, 108
 249, 306, -67, 108
 250, 306, -67, 108
 251, 307, -66, 108
 252, 307, -66, 108
 253, 308, -65, 107
 254, 308, -66, 108
 255, 309, -66, 108
 256, 309, -66, 108
 257, 310, -67, 105
 258, 310, -67, 108
 259, 311, -66, 108
 260, 311, -66, 108
 261, 312, -66, 108
 262, 312, -65, 105
 263, 313, -67, 108
 264, 313, -67, 108
 265, 314, -67, 108
 266, 314, -66, 108
 267, 315, -66, 108
 268, 315, -67, 108
 269, 316, -67, 108
 270, 316, -69, 108
 271, 317, -68, 108
 272, 317, -68, 108
 273, 318, -68, 108
 274, 318, -68, 108
 275, 319, -68, 108
 276, 319, -68, 105
 277, 320, -68, 107
 278, 320, -68, 108
 279, 321, -69, 108
 280, 321, -68, 108
 281, 322, -68, 108
 282, 322, -67, 108
 283, 323, -67, 108
 284, 323, -67, 108
 285, 324, -67, 108
 286, 324, -66, 105
 287, 325, -67, 108
 288, 325, -67, 108
 289, 326, -67, 108
 290, 326, -67, 108
 291, 327, -67, 108
 292, 327, -68, 108
 293, 328, -68, 108
 294, 328, -67, 108
 295, 329, -67, 108
 296, 329, -68, 108
 297, 330, -67, 108
 298, 330, -67, 107
 299, 331, -66, 108
 300, 331, -66, 108
 301, 332, -66, 108
 302, 332, -67, 108
 303, 333, -66, 108
 304, 333, -66, 108
 305, 334, -66, 108
 306, 334, -65, 108
 307, 335, -65, 108
 308, 335, -65, 108
 309, 336, -65, 108
 310, 336, -65, 107
 311, 337, -64, 108
 312, 337, -64, 108
 313, 338, -64, 107
 314, 338, -65, 108
 315, 339, -64, 108
 316, 339, -64, 108
 317, 340, -65, 108
 318, 340, -67, 108
 319, 341, -65, 108
 320, 341, -65, 108
 321, 342, -65, 108
 322, 342, -65, 108
 323, 343, -65, 108
 324, 343, -64, 108
 325, 344, -63, 108
 326, 344, -62, 108
 327, 345, -63, 108
 328, 345, -63, 108
 329, 346, -63, 108
 330, 346, -63, 107
 331, 347, -64, 108
 332, 347, -64, 108
 333, 348, -63, 108
 334, 348, -63, 108
 335, 349, -63, 108
 336, 349, -64, 108
 337, 350, -64, 108
 338, 350, -63, 108
 339, 351, -64, 108
 340, 351, -64, 108
 341, 352, -64, 108
 342, 352, -63, 108
 343, 353, -64, 107
 344, 353, -63, 107
 345, 354, -63, 107
 346, 354, -63, 107
 347, 355, -63, 107
 348, 355, -63, 108
 349, 356, -63, 108
 350, 356, -63, 108
 351, 357, -62, 108
 352, 357, -63, 108
 353, 358, -64, 108
 354, 358, -63, 107
 355, 359, -64, 108
 356, 359, -64, 108
 357, 360, -63, 107
 358, 360, -63, 108
 359, 361, -64, 108
 360, 361, -64, 108
 361, 362, -64, 108
 362, 362, -64, 27
 363, 363, -64, 108
 364, 363, -64, 107
 365, 364, -63, 106
 366, 364, -64, 108
 367, 365, -64, 108
 368, 365, -63, 108
 369, 366, -66, 108
 370, 366, -65, 106
 371, 367, -65, 108
 372, 367, -64, 108
 373, 368, -63, 108
 374, 368, -63, 108
 375, 369, -64, 32
 376, 369, -64, 108
 377, 370, -65, 108
 378, 370, -64, 106
 379, 371, -64, 108
 380, 371, -63, 108
 381, 372, -64, 108
 382, 372, -63, 108
 383, 373, -64, 108
 384, 373, -63, 108
 385, 374, -63, 108
 386, 374, -63, 108
 387, 375, -64, 108
 388, 375, -64, 107
 389, 376, -63, 108
 390, 376, -64, 108
 391, 377, -63, 108
 392, 377, -63, 108
 393, 378, -64, 108
 394, 378, -64, 108
 395, 379, -64, 107
 396, 379, -63, 108
 397, 380, -63, 108
 398, 380, -64, 108
 399, 381, -68, 108
 400, 381, -64, 107
 401, 382, -64, 108
 402, 382, -64, 108
 403, 383, -63, 107
 404, 383, -63, 108
 405, 384, -63, 108
 406, 384, -63, 108
 407, 385, -63, 108
 408, 385, -64, 107
 409, 386, -63, 108
 410, 386, -63, 108
 411, 387, -64, 108
 412, 387, -64, 108
 413, 388, -64, 108
 414, 388, -64, 108
 415, 389, -64, 108
 416, 389, -64, 108
 417, 390, -64, 108
 418, 390, -64, 107
 419, 391, -65, 107
 420, 391, -64, 105
 421, 392, -65, 107
 422, 392, -65, 108
 423, 393, -65, 108
 424, 393, -65, 107
 425, 394, -65, 107
 426, 394, -66, 107
 427, 395, -66, 108
 428, 395, -66, 107
 429, 396, -66, 108
 430, 396, -65, 108
 431, 397, -66, 107
 432, 397, -64, 108
 433, 398, -66, 108
 434, 398, -64, 107
 435, 399, -64, 108
 436, 399, -66, 107
 437, 400, -67, 106
 438, 400, -63, 106
 439, 401, -63, 108
 440, 401, -64, 108
 441, 402, -64, 107
 442, 402, -63, 108
 443, 403, -63, 108
 444, 403, -65, 108
 445, 404, -63, 108
 446, 404, -64, 108
 447, 405, -64, 108
 448, 405, -63, 107
 449, 406, -64, 108
 450, 406, -64, 107
 451, 407, -64, 108
 452, 407, -63, 108
 453, 408, -62, 108
 454, 408, -63, 107
 455, 409, -64, 108
 456, 409, -63, 108
 457, 410, -64, 107
 458, 410, -63, 108
 459, 411, -63, 108
 460, 411, -64, 108
 461, 412, -64, 108
 462, 412, -64, 108
 463, 413, -64, 108
 464, 413, -64, 108
 465, 414, -66, 108
 466, 414, -65, 106
 467, 415, -65, 108
 468, 415, -66, 106
 469, 416, -67, 107
 470, 416, -69, 107
 471, 417, -70, 108
 472, 417, -71, 108
 473, 418, -68, 108
 474, 418, -72, 108
 475, 419, -73, 107
 476, 419, -72, 108
 477, 420, -73, 108
 478, 420, -73, 106
 479, 421, -66, 107
 480, 421, -68, 108
 481, 422, -66, 108
 482, 422, -63, 108
 483, 423, -64, 107
 484, 423, -64, 108
 485, 424, -63, 108
 486, 424, -63, 108
 487, 425, -63, 108
 488, 425, -64, 108
 489, 426, -64, 108
 490, 426, -64, 108
 491, 427, -63, 108
 492, 427, -63, 108
 493, 428, -66, 107
 494, 428, -65, 108
 495, 429, -64, 108
 496, 429, -64, 108
 497, 430, -64, 108
 498, 430, -64, 108
 499, 431, -65, 107
 500, 431, -65, 107
 501, 432, -63, 108
 502, 432, -63, 107
 503, 433, -63, 108
 504, 433, -63, 107
 505, 434, -63, 108
 506, 434, -65, 108
 507, 435, -67, 107
 508, 435, -63, 107
 509, 436, -63, 108
 510, 436, -63, 108
 511, 437, -63, 108
 512, 437, -64, 108
 513, 438, -70, 108
 514, 438, -70, 108
 515, 439, -67, 108
 516, 439, -66, 103
 517, 440, -68, 108
 518, 440, -68, 107
 519, 441, -67, 108
 520, 441, -66, 107
 521, 442, -69, 108
 522, 442, -70, 108
 523, 443, -71, 108
 524, 443, -69, 108
 525, 444, -68, 108
 526, 444, -65, 108
 527, 445, -65, 108
 528, 445, -65, 108
 529, 446, -66, 108
 530, 446, -66, 108
 531, 447, -67, 108
 532, 447, -69, 108
 533, 448, -64, 106
 534, 448, -65, 108
 535, 449, -67, 108
 536, 449, -65, 108
 537, 450, -64, 108
 538, 450, -65, 108
 539, 451, -64, 107
 540, 451, -64, 108
 541, 452, -69, 108
 542, 452, -70, 108
 543, 453, -71, 108
 544, 453, -70, 108
 545, 454, -68, 108
 546, 454, -68, 108
 547, 455, -72, 108
 548, 455, -67, 108
 549, 456, -66, 108
 550, 456, -66, 108
 551, 457, -66, 107
 552, 457, -67, 108
 553, 458, -70, 107
 554, 458, -70, 108
 555, 459, -69, 108
 556, 459, -66, 108
 557, 460, -67, 108
 558, 460, -67, 108
 559, 461, -66, 108
 560, 461, -66, 108
 561, 462, -66, 107
 562, 462, -66, 108
 563, 463, -67, 108
 564, 463, -68, 108
 565, 464, -67, 108
 566, 464, -71, 98
 567, 465, -68, 108
 568, 465, -71, 108
 569, 466, -70, 108
 570, 466, -64, 108
 571, 467, -71, 108
 572, 467, -68, 108
 573, 468, -67, 108
 574, 468, -67, 108
 575, 469, -66, 108
 576, 469, -66, 108
 577, 470, -66, 108
 578, 470, -65, 108
 579, 471, -65, 108
 580, 471, -67, 108
 581, 472, -66, 107
 582, 472, -66, 108
 583, 473, -66, 108
 584, 473, -66, 108
 585, 474, -67, 107
 586, 474, -65, 108
 587, 475, -66, 108
 588, 475, -65, 108
 589, 476, -66, 108
 590, 476, -67, 108
 591, 477, -64, 108
 592, 477, -66, 108
 593, 478, -66, 108
 594, 478, -65, 108
 595, 479, -66, 108
 596, 479, -67, 108
 597, 480, -68, 108
 598, 480, -70, 108
 599, 481, -72, 108
 600, 481, -72, 108
 601, 482, -69, 108
 602, 482, -73, 108
 603, 483, -72, 107
 604, 483, -70, 108
 605, 484, -70, 108
 606, 484, -69, 108
 607, 485, -69, 108
 608, 485, -70, 108
 609, 486, -70, 108
 610, 486, -70, 108
 611, 487, -70, 108
 612, 487, -69, 108
 613, 488, -70, 108
 614, 488, -71, 108
 615, 489, -70, 107
 616, 489, -71, 108
 617, 490, -72, 108
 618, 490, -72, 108
 619, 491, -73, 108
 620, 491, -72, 108
 621, 492, -71, 93
 622, 492, -70, 103
 623, 493, -70, 108
 624, 493, -68, 108
 625, 494, -72, 108
 626, 494, -71, 108
 627, 495, -70, 108
 628, 495, -70, 108
 629, 496, -70, 108
 630, 496, -66, 107
 631, 497, -70, 107
 632, 497, -66, 108
 633, 498, -67, 105
 634, 498, -66, 108
 635, 499, -67, 108
 636, 499, -64, 108
 637, 500, -64, 108
 638, 500, -65, 108
 639, 501, -63, 108
 640, 501, -63, 107
 641, 502, -62, 108
 642, 502, -63, 108
 643, 503, -62, 108
 644, 503, -63, 108
 645, 504, -64, 108
 646, 504, -64, 106
 647, 505, -64, 107
 648, 505, -63, 108
 649, 506, -63, 108
 650, 506, -63, 107
 651, 507, -64, 108
 652, 507, -64, 107
 653, 508, -64, 108
 654, 508, -63, 108
 655, 509, -64, 107
 656, 509, -64, 108
 657, 510, -65, 107
 658, 510, -66, 108
 659, 511, -64, 107
 660, 511, -64, 108
 661, 512, -65, 108
 662, 512, -65, 108
 663, 513, -64, 108
 664, 513, -64, 108
 665, 514, -63, 108
 666, 514, -63, 108
 667, 515, -63, 108
 668, 515, -66, 108
 669, 516, -65, 108
 670, 516, -65, 108
 671, 517, -65, 107
 672, 517, -65, 108
 673, 518, -64, 108
 674, 518, -64, 108
 675, 519, -63, 108
 676, 519, -62, 108
 677, 520, -63, 108
 678, 520, -65, 108
 679, 521, -66, 108
 680, 521, -65, 108
 681, 522, -64, 108
 682, 522, -65, 107
 683, 523, -67, 108
 684, 523, -65, 108
 685, 524, -67, 108
 686, 524, -67, 108
 687, 525, -68, 108
 688, 525, -69, 108
 689, 526, -70, 108
 690, 526, -70, 108
 691, 527, -69, 108
 692, 527, -69, 108
 693, 528, -72, 108
 694, 528, -71, 108
 695, 529, -71, 107
 696, 529, -70, 108
 697, 530, -69, 108
 698, 530, -69, 108
 699, 531, -70, 107
 700, 531, -68, 108
 701, 532, -69, 108
 702, 532, -69, 108
 703, 533, -69, 108
 704, 533, -68, 107
 705, 534, -67, 108
 706, 534, -68, 107
 707, 535, -68, 107
 708, 535, -69, 104
 709, 536, -68, 108
 710, 536, -68, 107
 711, 537, -68, 108
 712, 537, -72, 107
 713, 538, -70, 107
 714, 538, -68, 108
 715, 539, -70, 108
 716, 539, -64, 108
 717, 540, -71, 108
 718, 540, -66, 107
 719, 541, -72, 108
 720, 541, -66, 108
 721, 542, -66, 108
 722, 542, -66, 107
 723, 543, -67, 108
 724, 543, -66, 107
 725, 544, -66, 108
 726, 544, -65, 107
 727, 545, -66, 108
 728, 545, -66, 108
 729, 546, -66, 108
 730, 546, -66, 108
 731, 547, -66, 107
 732, 547, -66, 108
 733, 548, -66, 108
 734, 548, -66, 108
 735, 549, -66, 108
 736, 549, -66, 108
 737, 550, -67, 108
 738, 550, -66, 108
 739, 551, -66, 108
 740, 551, -66, 108
 741, 552, -66, 108
 742, 552, -67, 108
 743, 553, -67, 108
 744, 553, -66, 108
 745, 554, -66, 108
 746, 554, -65, 108
 747, 555, -66, 108
 748, 555, -66, 107
 749, 556, -67, 108
 750, 556, -67, 107
 751, 557, -66, 108
 752, 557, -63, 108
 753, 558, -68, 108
 754, 558, -68, 108
 755, 559, -67, 108
 756, 559, -69, 107
 757, 560, -68, 108
 758, 560, -69, 107
 759, 561, -68, 108
 760, 561, -67, 107
 761, 562, -68, 108
 762, 562, -69, 108
 763, 563, -69, 108
 764, 563, -68, 104
 765, 564, -68, 108
 766, 564, -68, 108
 767, 565, -68, 108
 768, 565, -67, 108
 769, 566, -67, 108
 770, 566, -66, 107
 771, 567, -66, 108
 772, 567, -66, 108
 773, 568, -67, 107
 774, 568, -66, 108
 775, 569, -66, 108
 776, 569, -67, 107
 777, 570, -67, 108
 778, 570, -67, 108
 779, 571, -67, 108
 780, 571, -67, 108
 781, 572, -66, 108
 782, 572, -67, 108
 783, 573, -67, 108
 784, 573, -69, 108
 785, 574, -68, 108
 786, 574, -69, 108
 787, 575, -63, 107
 788, 575, -68, 108
 789, 576, -69, 107
 790, 576, -68, 108
 791, 577, -68, 107
 792, 577, -66, 108
 793, 578, -66, 108
 794, 578, -67, 108
 795, 579, -66, 108
 796, 579, -66, 108
 797, 580, -68, 108
 798, 580, -69, 108
 799, 581, -67, 108
 800, 581, -67, 108
 801, 582, -67, 107
 802, 582, -67, 108
 803, 583, -66, 108
 804, 583, -66, 107
 805, 584, -66, 108
 806, 584, -67, 108
 807, 585, -67, 108
 808, 585, -66, 108
 809, 586, -66, 107
 810, 586, -66, 108
 811, 587, -66, 108
 812, 587, -65, 108
 813, 588, -66, 107
 814, 588, -66, 108
 815, 589, -67, 108
 816, 589, -66, 108
 817, 590, -66, 108
 818, 590, -66, 107
 819, 591, -66, 108
 820, 591, -67, 108
 821, 592, -66, 108
 822, 592, -66, 107
 823, 593, -66, 108
 824, 593, -66, 108
 825, 594, -66, 108
 826, 594, -66, 108
 827, 595, -67, 108
 828, 595, -66, 108
 829, 596, -67, 108
 830, 596, -65, 108
 831, 597, -66, 107
 832, 597, -67, 108
 833, 598, -67, 108
 834, 598, -66, 108
 835, 599, -66, 108
 836, 599, -67, 108
 837, 600, -66, 108
 838, 600, -65, 108
 839, 601, -66, 106
 840, 601, -66, 108
 841, 602, -66, 108
 842, 602, -66, 108
 843, 603, -66, 108
 844, 603, -66, 108
 845, 604, -66, 108
 846, 604, -67, 108
 847, 605, -66, 108
 848, 605, -66, 108
 849, 606, -67, 108
 850, 606, -67, 98
 851, 607, -65, 108
 852, 607, -62, 108
 853, 608, -63, 108
 854, 608, -64, 108
 855, 609, -63, 108
 856, 609, -62, 108
 857, 610, -63, 108
 858, 610, -66, 108
 859, 611, -64, 108
 860, 611, -64, 108
 861, 612, -64, 108
 862, 612, -64, 108
 863, 613, -66, 108
 864, 613, -65, 108
 865, 614, -63, 108
 866, 614, -64, 108
 867, 615, -64, 108
 868, 615, -64, 108
 869, 616, -64, 108
 870, 616, -65, 108
 871, 617, -66, 108
 872, 617, -65, 108
 873, 618, -67, 108
 874, 618, -68, 108
 875, 619, -69, 108
 876, 619, -67, 108
 877, 620, -65, 107
 878, 620, -66, 108
 879, 621, -66, 108
 880, 621, -64, 108
 881, 622, -66, 108
 882, 622, -64, 108
 883, 623, -64, 108
 884, 623, -65, 106
 885, 624, -66, 108
 886, 624, -66, 107
 887, 625, -66, 108
 888, 625, -66, 108
 889, 626, -66, 108
 890, 626, -66, 108
 891, 627, -67, 108
 892, 627, -67, 108
 893, 628, -67, 108
 894, 628, -67, 108
 895, 629, -66, 108
 896, 629, -67, 108
 897, 630, -66, 105
 898, 630, -66, 108
 899, 631, -64, 108
 900, 631, -65, 106
 901, 632, -62, 108
 902, 632, -65, 106
 903, 633, -64, 107
 904, 633, -64, 108
 905, 634, -66, 108
 906, 634, -67, 108
 907, 635, -67, 108
 908, 635, -65, 107
 909, 636, -67, 108
 910, 636, -64, 108
 911, 637, -68, 107
 912, 637, -70, 108
 913, 638, -70, 108
 914, 638, -70, 108
 915, 639, -71, 108
 916, 639, -70, 108
 917, 640, -68, 108
 918, 640, -68, 108
 919, 641, -68, 108
 920, 641, -69, 108
 921, 642, -68, 108
 922, 642, -67, 108
 923, 643, -69, 108
 924, 643, -71, 108
 925, 644, -72, 108
 926, 644, -68, 108
 927, 645, -69, 107
 928, 645, -66, 108
 929, 646, -66, 108
 930, 646, -67, 108
 931, 647, -62, 108
 932, 647, -67, 108
 933, 648, -65, 108
 934, 648, -64, 108
 935, 649, -70, 108
 936, 649, -67, 108
 937, 650, -68, 108
 938, 650, -67, 108
 939, 651, -67, 107
 940, 651, -70, 105
 941, 652, -68, 107
 942, 652, -70, 108
 943, 653, -72, 107
 944, 653, -68, 108
 945, 654, -69, 108
 946, 654, -68, 108
 947, 655, -71, 108
 948, 655, -67, 108
 949, 656, -67, 108
 950, 656, -68, 108
 951, 657, -68, 108
 952, 657, -65, 108
 953, 658, -64, 108
 954, 658, -67, 107
 955, 659, -64, 107
 956, 659, -65, 108
 957, 660, -65, 107
 958, 660, -66, 108
 959, 661, -67, 108
 960, 661, -66, 107
 961, 662, -66, 108
 962, 662, -68, 108
 963, 663, -65, 108
 964, 663, -64, 108
 965, 664, -64, 108
 966, 664, -65, 108
 967, 665, -65, 108
 968, 665, -66, 108
 969, 666, -68, 108
 970, 666, -64, 107
 971, 667, -67, 108
 972, 667, -65, 108
 973, 668, -65, 107
 974, 668, -67, 108
 975, 669, -65, 108
 976, 669, -64, 107
 977, 670, -65, 108
 978, 670, -64, 108
 979, 671, -66, 108
 980, 671, -66, 107
 981, 672, -66, 108
 982, 672, -66, 108
 983, 673, -65, 106
 984, 673, -64, 108
 985, 674, -65, 106
 986, 674, -68, 108
 987, 675, -69, 108
 988, 675, -65, 107
 989, 676, -65, 108
 990, 676, -63, 108
 991, 677, -65, 108
 992, 677, -66, 108
 993, 678, -67, 108
 994, 678, -66, 108
 995, 679, -65, 108
 996, 679, -66, 108
 997, 680, -66, 108
 998, 680, -66, 108
 999, 681, -70, 108
 1000, 681, -69, 108
 1001, 682, -69, 108
 1002, 682, -69, 107
 1003, 683, -68, 108
 1004, 683, -67, 108
 1005, 684, -66, 108
 1006, 684, -66, 108
 1007, 685, -67, 107
 1008, 685, -67, 107
 1009, 686, -70, 108
 1010, 686, -69, 107
 1011, 687, -64, 108
 1012, 687, -65, 108
 1013, 688, -65, 108
 1014, 688, -66, 108
 1015, 689, -66, 106
 1016, 689, -66, 108
 1017, 690, -67, 107
 1018, 690, -66, 108
 1019, 691, -68, 108
 1020, 691, -68, 108
 1021, 692, -68, 108
 1022, 692, -64, 108
 1023, 693, -63, 108
 1024, 693, -63, 108
 1025, 694, -63, 108
 1026, 694, -65, 108
 1027, 695, -64, 107
 1028, 695, -65, 108
 1029, 696, -65, 108
 1030, 696, -65, 108
 1031, 697, -64, 108
 1032, 697, -64, 108
 1033, 698, -64, 108
 1034, 698, -65, 108
 1035, 699, -66, 108
 1036, 699, -66, 108
 1037, 700, -67, 108
 1038, 700, -65, 108
 1039, 701, -66, 107
 1040, 701, -66, 108
 1041, 702, -67, 108
 1042, 702, -67, 108
 1043, 703, -67, 108
 1044, 703, -66, 108
 1045, 704, -66, 108
 1046, 704, -68, 108
 1047, 705, -67, 108
 1048, 705, -65, 108
 1049, 706, -66, 106
 1050, 706, -66, 108
 1051, 707, -67, 108
 1052, 707, -67, 107
 1053, 708, -66, 108
 1054, 708, -67, 107
 1055, 709, -67, 108
 1056, 709, -66, 107
 1057, 710, -65, 108
 1058, 710, -64, 108
 1059, 711, -67, 108
 1060, 711, -68, 108
 1061, 712, -67, 108
 1062, 712, -66, 108
 1063, 713, -66, 108
 1064, 713, -65, 108
 1065, 714, -69, 107
 1066, 714, -69, 108
 1067, 715, -69, 108
 1068, 715, -69, 108
 1069, 716, -70, 108
 1070, 716, -69, 108
 1071, 717, -69, 103
 1072, 717, -69, 108
 1073, 718, -68, 108
 1074, 718, -68, 108
 1075, 719, -69, 108
 1076, 719, -69, 108
 1077, 720, -70, 107
 1078, 720, -70, 108
 1079, 721, -69, 108
 1080, 721, -70, 108
 1081, 722, -70, 108
 1082, 722, -69, 104
 1083, 723, -69, 108
 1084, 723, -69, 108
 1085, 724, -68, 108
 1086, 724, -66, 108
 1087, 725, -69, 108
 1088, 725, -68, 108
 1089, 726, -68, 108
 1090, 726, -65, 108
 1091, 727, -66, 108
 1092, 727, -67, 108
 1093, 728, -70, 108
 1094, 728, -70, 108
 1095, 729, -68, 108
 1096, 729, -69, 108
 1097, 730, -66, 108
 1098, 730, -65, 107
 1099, 731, -70, 108
 1100, 731, -71, 108
 1101, 732, -67, 108
 1102, 732, -67, 108
 1103, 733, -71, 108
 1104, 733, -66, 108
 1105, 734, -66, 108
 1106, 734, -68, 108
 1107, 735, -66, 108
 1108, 735, -67, 108
 1109, 736, -68, 108
 1110, 736, -67, 108
 1111, 737, -68, 108
 1112, 737, -67, 101
 1113, 738, -66, 108
 1114, 738, -67, 108
 1115, 739, -69, 107
 1116, 739, -71, 108
 1117, 740, -72, 108
 1118, 740, -70, 108
 1119, 741, -67, 108
 1120, 741, -67, 108
 1121, 742, -71, 108
 1122, 742, -66, 108
 1123, 743, -67, 108
 1124, 743, -66, 107
 1125, 744, -71, 108
 1126, 744, -69, 108
 1127, 745, -64, 108
 1128, 745, -66, 108
 1129, 746, -64, 108
 1130, 746, -64, 108
 1131, 747, -63, 107
 1132, 747, -63, 107
 1133, 748, -65, 108
 1134, 748, -65, 107
 1135, 749, -65, 108
 1136, 749, -65, 108
 1137, 750, -63, 108
 1138, 750, -64, 108
 1139, 751, -65, 108
 1140, 751, -64, 108
 1141, 752, -64, 108
 1142, 752, -63, 107
 1143, 753, -64, 108
 1144, 753, -64, 108
 1145, 754, -63, 108
 1146, 754, -64, 107
 1147, 755, -63, 108
 1148, 755, -65, 108
 1149, 756, -65, 108
 1150, 756, -63, 108
 1151, 757, -65, 108
 1152, 757, -66, 107
 1153, 758, -68, 108
 1154, 758, -63, 108
 1155, 759, -65, 108
 1156, 759, -66, 108
 1157, 760, -66, 108
 1158, 760, -64, 107
 1159, 761, -65, 108
 1160, 761, -67, 108
 1161, 762, -75, 108
 1162, 762, -73, 61
 1163, 763, -71, 108
 1164, 763, -64, 107
 1165, 764, -66, 108
 1166, 764, -73, 108
 1167, 765, -68, 108
 1168, 765, -66, 108
 1169, 766, -71, 106
 1170, 766, -75, 108
 1171, 767, -66, 108
 1172, 767, -67, 108
 1173, 768, -63, 107
 1174, 768, -64, 108
 1175, 769, -65, 108
 1176, 769, -64, 108
 1177, 770, -66, 108
 1178, 770, -67, 107
 1179, 771, -66, 108
 1180, 771, -68, 107
 1181, 772, -71, 108
 1182, 772, -71, 107
 1183, 773, -67, 107
 1184, 773, -68, 105
 1185, 774, -63, 108
 1186, 774, -65, 107
 1187, 775, -67, 108
 1188, 775, -66, 108
 1189, 776, -67, 108
 1190, 776, -66, 108
 1191, 777, -67, 108
 1192, 777, -67, 107
 1193, 778, -66, 108
 1194, 778, -66, 108
 1195, 779, -66, 108
 1196, 779, -67, 108
 1197, 780, -63, 108
 1198, 780, -71, 107
 1199, 781, -69, 108
 1200, 781, -63, 107
 1201, 782, -63, 107
 1202, 782, -64, 107
 1203, 783, -63, 106
 1204, 783, -63, 108
 1205, 784, -64, 108
 1206, 784, -64, 108
 1207, 785, -65, 108
 1208, 785, -65, 108
 1209, 786, -64, 108
 1210, 786, -65, 107
 1211, 787, -64, 106
 1212, 787, -63, 108
 1213, 788, -64, 108
 1214, 788, -64, 108
 1215, 789, -64, 108
 1216, 789, -65, 108
 1217, 790, -66, 108
 1218, 790, -66, 107
 1219, 791, -64, 108
 1220, 791, -66, 107
 1221, 792, -65, 105
 1222, 792, -64, 108
 1223, 793, -65, 107
 1224, 793, -66, 108
 1225, 794, -66, 108
 1226, 794, -64, 108
 1227, 795, -64, 108
 1228, 795, -66, 107
 1229, 796, -68, 108
 1230, 796, -69, 107
 1231, 797, -67, 108
 1232, 797, -66, 108
 1233, 798, -66, 108
 1234, 798, -69, 108
 1235, 799, -70, 108
 1236, 799, -69, 107
 1237, 800, -69, 103
 1238, 800, -68, 108
 1239, 801, -68, 108
 1240, 801, -64, 107
 1241, 802, -66, 108
 1242, 802, -65, 108
 1243, 803, -64, 106
 1244, 803, -65, 108
 1245, 804, -69, 108
 1246, 804, -67, 107
 1247, 805, -66, 108
 1248, 805, -66, 108
 1249, 806, -63, 108
 1250, 806, -65, 108
 1251, 807, -67, 108
 1252, 807, -66, 108
 1253, 808, -67, 108
 1254, 808, -63, 108
 1255, 809, -66, 108
 1256, 809, -66, 107
 1257, 810, -65, 108
 1258, 810, -64, 108
 1259, 811, -66, 108
 1260, 811, -65, 108
 1261, 812, -66, 107
 1262, 812, -69, 108
 1263, 813, -67, 108
 1264, 813, -69, 108
 1265, 814, -69, 108
 1266, 814, -72, 108
 1267, 815, -71, 107
 1268, 815, -72, 108
 1269, 816, -70, 108
 1270, 816, -72, 108
 1271, 817, -69, 107
 1272, 817, -68, 108
 1273, 818, -64, 108
 1274, 818, -65, 108
 1275, 819, -64, 108
 1276, 819, -67, 107
 1277, 820, -69, 104
 1278, 820, -69, 101
 1279, 821, -66, 108
 1280, 821, -69, 108
 1281, 822, -64, 103
 1282, 822, -66, 107
 1283, 823, -62, 108
 1284, 823, -65, 108
 1285, 824, -63, 108
 1286, 824, -66, 107
 1287, 825, -66, 107
 1288, 825, -65, 108
 1289, 826, -63, 108
 1290, 826, -61, 108
 1291, 827, -71, 108
 1292, 827, -72, 108
 1293, 828, -62, 108
 1294, 828, -64, 108
 1295, 829, -68, 107
 1296, 829, -64, 108
 1297, 830, -66, 108
 1298, 830, -64, 107
 1299, 831, -66, 107
 1300, 831, -63, 108
 1301, 832, -65, 108
 1302, 832, -65, 108
 1303, 833, -66, 108
 1304, 833, -66, 107
 1305, 834, -64, 108
 1306, 834, -65, 108
 1307, 835, -66, 108
 1308, 835, -66, 108
 1309, 836, -65, 108
 1310, 836, -69, 108
 1311, 837, -69, 108
 1312, 837, -69, 108
 1313, 838, -69, 108
 1314, 838, -70, 108
 1315, 839, -65, 108
 1316, 839, -68, 108
 1317, 840, -69, 107
 1318, 840, -70, 108
 1319, 841, -70, 107
 1320, 841, -70, 107
 1321, 842, -69, 108
 1322, 842, -72, 102
 1323, 843, -71, 108
 1324, 843, -70, 107
 1325, 844, -70, 108
 1326, 844, -69, 108
 1327, 845, -72, 108
 1328, 845, -66, 108
 1329, 846, -69, 107
 1330, 846, -70, 99
 1331, 847, -72, 108
 1332, 847, -70, 108
 1333, 848, -69, 108
 1334, 848, -71, 107
 1335, 849, -67, 108
 1336, 849, -71, 107
 1337, 850, -70, 108
 1338, 850, -70, 76
 1339, 851, -70, 108
 1340, 851, -70, 107
 1341, 852, -72, 108
 1342, 852, -67, 108
 1343, 853, -70, 108
 1344, 853, -70, 108
 1345, 854, -70, 108
 1346, 854, -70, 108
 1347, 855, -70, 108
 1348, 855, -69, 108
 1349, 856, -71, 108
 1350, 856, -69, 108
 1351, 857, -69, 108
 1352, 857, -67, 108
 1353, 858, -74, 108
 1354, 858, -67, 107
 1355, 859, -67, 108
 1356, 859, -64, 108
 1357, 860, -67, 108
 1358, 860, -67, 108
 1359, 861, -66, 108
 1360, 861, -68, 108
 1361, 862, -67, 108
 1362, 862, -68, 108
 1363, 863, -64, 107
 1364, 863, -64, 107
 1365, 864, -66, 108
 1366, 864, -68, 108
 1367, 865, -67, 108
 1368, 865, -67, 108
 1369, 866, -69, 107
 1370, 866, -68, 108
 1371, 867, -69, 108
 1372, 867, -68, 105
 1373, 868, -67, 108
 1374, 868, -65, 108
 1375, 869, -66, 108
 1376, 869, -63, 107
 1377, 870, -66, 105
 1378, 870, -64, 108
 1379, 871, -72, 107
 1380, 871, -73, 108
 1381, 872, -74, 108
 1382, 872, -72, 84
 1383, 873, -67, 108
 1384, 873, -68, 107
 1385, 874, -66, 108
 1386, 874, -69, 108
 1387, 875, -71, 108
 1388, 875, -74, 77
 1389, 876, -70, 108
 1390, 876, -71, 108
 1391, 877, -73, 108
 1392, 877, -69, 108
 1393, 878, -67, 108
 1394, 878, -72, 108
 1395, 879, -70, 108
 1396, 879, -72, 108
 1397, 880, -70, 108
 1398, 880, -63, 32
 1399, 881, -63, 108
 1400, 881, -61, 108
 1401, 882, -61, 108
 1402, 882, -62, 108
 1403, 883, -63, 108
 1404, 883, -64, 108
 1405, 884, -62, 108
 1406, 884, -67, 105
 1407, 885, -65, 107
 1408, 885, -65, 108
 1409, 886, -70, 108
 1410, 886, -64, 107
 1411, 887, -65, 108
 1412, 887, -68, 108
 1413, 888, -66, 108
 1414, 888, -66, 108
 1415, 889, -67, 108
 1416, 889, -65, 108
 1417, 890, -66, 106
 1418, 890, -68, 107
 1419, 891, -66, 108
 1420, 891, -65, 108
 1421, 892, -66, 108
 1422, 892, -68, 107
 1423, 893, -69, 108
 1424, 893, -65, 107
 1425, 894, -65, 107
 1426, 894, -68, 108
 1427, 895, -66, 108
 1428, 895, -67, 108
 1429, 896, -66, 107
 1430, 896, -66, 108
 1431, 897, -68, 106
 1432, 897, -67, 108
 1433, 898, -65, 108
 1434, 898, -70, 108
 1435, 899, -70, 108
 1436, 899, -74, 108
 1437, 900, -67, 104
 1438, 900, -66, 106
 1439, 901, -64, 108
 1440, 901, -66, 108
 1441, 902, -64, 108
 1442, 902, -67, 108
 1443, 903, -67, 108
 1444, 903, -66, 106
 1445, 904, -65, 107
 1446, 904, -66, 108
 1447, 905, -66, 108
 1448, 905, -67, 107
 1449, 906, -65, 108
 1450, 906, -65, 108
 1451, 907, -67, 108
 1452, 907, -65, 108
 1453, 908, -67, 105
 1454, 908, -68, 108
 1455, 909, -70, 107
 1456, 909, -68, 106
 1457, 910, -65, 108
 1458, 910, -65, 108
 1459, 911, -66, 107
 1460, 911, -68, 108
 1461, 912, -72, 108
 1462, 912, -71, 107
 1463, 913, -70, 108
 1464, 913, -69, 108
 1465, 914, -70, 108
 1466, 914, -72, 108
 1467, 915, -72, 107
 1468, 915, -71, 108
 1469, 916, -71, 108
 1470, 916, -69, 108
 1471, 917, -70, 108
 1472, 917, -69, 105
 1473, 918, -69, 108
 1474, 918, -69, 107
 1475, 919, -66, 107
 1476, 919, -67, 108
 1477, 920, -66, 108
 1478, 920, -63, 108
 1479, 921, -67, 105
 1480, 921, -64, 108
 1481, 922, -70, 108
 1482, 922, -65, 108
 1483, 923, -66, 108
 1484, 923, -67, 108
 1485, 924, -69, 108
 1486, 924, -66, 108
 1487, 925, -70, 107
 1488, 925, -70, 108
 1489, 926, -74, 108
 1490, 926, -71, 108
 1492, 927, -72, 90
 1493, 928, -74, 108
 1495, 929, -74, 108
 1496, 929, -74, 108
 1497, 930, -71, 108
 1498, 930, -70, 108
 1499, 931, -71, 108
 1500, 931, -71, 108
 1501, 932, -68, 108
 1502, 932, -68, 107
 1503, 933, -67, 107
 1504, 933, -68, 108
 1505, 934, -68, 108
 1506, 934, -69, 108
 1507, 935, -69, 108
 1508, 935, -69, 108
 1509, 936, -74, 68
 1510, 936, -68, 105
 1511, 937, -69, 108
 1512, 937, -70, 108
 1513, 938, -70, 108
 1514, 938, -68, 108
 1515, 939, -67, 107
 1516, 939, -71, 108
 1517, 940, -69, 104
 1518, 940, -70, 108
 1519, 941, -71, 108
 1520, 941, -69, 108
 1521, 942, -69, 107
 1522, 942, -66, 108
 1523, 943, -68, 108
 1524, 943, -66, 108
 1525, 944, -69, 107
 1526, 944, -70, 108
 1527, 945, -71, 102
 1528, 945, -69, 108
 1529, 946, -69, 108
 1530, 946, -68, 107
 1531, 947, -70, 108
 1532, 947, -69, 108
 1533, 948, -68, 108
 1534, 948, -67, 108
 1535, 949, -67, 108
 1536, 949, -69, 108
 1537, 950, -70, 107
 1538, 950, -68, 108
 1539, 951, -69, 108
 1540, 951, -66, 104
 1541, 952, -65, 108
 1542, 952, -64, 108
 1543, 953, -66, 108
 1544, 953, -65, 108
 1545, 954, -67, 108
 1546, 954, -67, 108
 1547, 955, -67, 106
 1548, 955, -72, 107
 1549, 956, -68, 108
 1550, 956, -67, 108
 1551, 957, -66, 98
 1552, 957, -67, 108
 1553, 958, -63, 108
 1554, 958, -66, 108
 1555, 959, -66, 108
 1556, 959, -66, 108
 1557, 960, -67, 107
 1558, 960, -67, 108
 1559, 961, -68, 108
 1560, 961, -70, 108
 1561, 962, -68, 108
 1562, 962, -66, 108
 1563, 963, -68, 107
 1564, 963, -66, 108
 1565, 964, -67, 108
 1566, 964, -66, 108
 1567, 965, -65, 108
 1568, 965, -66, 108
 1569, 966, -67, 106
 1570, 966, -65, 107
 1571, 967, -69, 108
 1572, 967, -70, 108
 1573, 968, -70, 108
 1574, 968, -68, 108
 1575, 969, -66, 107
 1576, 969, -70, 108
 1577, 970, -69, 108
 1578, 970, -70, 108
 1579, 971, -71, 108
 1580, 971, -69, 108
 1581, 972, -70, 108
 1582, 972, -69, 108
 1583, 973, -64, 108
 1584, 973, -65, 108
 1585, 974, -67, 108
 1586, 974, -68, 107
 1587, 975, -67, 108
 1588, 975, -69, 105
 1589, 976, -67, 108
 1590, 976, -70, 108
 1591, 977, -68, 107
 1592, 977, -67, 106
 1593, 978, -66, 108
 1594, 978, -66, 108
 1595, 979, -65, 108
 1596, 979, -68, 108
 1597, 980, -66, 108
 1598, 980, -70, 108
 1599, 981, -67, 108
 1600, 981, -69, 108
 1601, 982, -69, 107
 1602, 982, -69, 108
 1603, 983, -69, 108
 1604, 983, -67, 106
 1605, 984, -69, 108
 1606, 984, -72, 108
 1607, 985, -72, 108
 1608, 985, -70, 108
 1609, 986, -69, 108
 1610, 986, -67, 108
 1611, 987, -67, 104
 1612, 987, -68, 108
 1613, 988, -70, 108
 1614, 988, -73, 108
 1615, 989, -70, 86
 1616, 989, -70, 108
 1617, 990, -69, 108
 1618, 990, -72, 108
 1619, 991, -74, 108
 1620, 991, -73, 108
 1621, 992, -70, 108
 1622, 992, -68, 108
 1623, 993, -68, 108
 1624, 993, -67, 108
 1625, 994, -66, 107
 1626, 994, -66, 108
 1627, 995, -64, 108
 1628, 995, -66, 108
 1629, 996, -68, 108
 1630, 996, -72, 108
 1631, 997, -73, 108
 1632, 997, -74, 108
 1633, 998, -74, 108
 1634, 998, -71, 108
 1635, 999, -68, 108
 1636, 999, -68, 108
 1637, 1000, -67, 106
 1638, 1000, -66, 108
 1639, 1001, -66, 108
 1640, 1001, -67, 108
 1641, 1002, -65, 108
 1642, 1002, -66, 108
 1643, 1003, -66, 108
 1644, 1003, -66, 107
 1645, 1004, -66, 108
 1646, 1004, -65, 108
 1647, 1005, -64, 108
 1648, 1005, -64, 107
 1649, 1006, -66, 108
 1650, 1006, -67, 107
 1651, 1007, -66, 108
 1652, 1007, -66, 108
 1653, 1008, -66, 108
 1654, 1008, -66, 108
 1655, 1009, -68, 108
 1656, 1009, -67, 108
 1657, 1010, -68, 108
 1658, 1010, -65, 108
 1659, 1011, -64, 108
 1660, 1011, -64, 108
 1661, 1012, -67, 108
 1662, 1012, -68, 108
 1663, 1013, -66, 107
 1664, 1013, -68, 108
 1665, 1014, -64, 108
 1666, 1014, -67, 108
 1667, 1015, -67, 108
 1668, 1015, -68, 108
 1669, 1016, -69, 108
 1670, 1016, -67, 108
 1671, 1017, -67, 107
 1672, 1017, -68, 108
 1673, 1018, -68, 108
 1674, 1018, -67, 108
 1675, 1019, -66, 108
 1676, 1019, -65, 108
 1677, 1020, -64, 108
 1678, 1020, -65, 108
 1679, 1021, -66, 108
 1680, 1021, -66, 108
 1681, 1022, -65, 108
 1682, 1022, -64, 106
 1683, 1023, -69, 107
 1684, 1023, -66, 108
 1685, 1024, -68, 108
 1686, 1024, -67, 107
 1687, 1025, -66, 108
 1688, 1025, -67, 108
 1689, 1026, -65, 108
 1690, 1026, -68, 108
 1691, 1027, -66, 108
 1692, 1027, -67, 108
 1693, 1028, -68, 108
 1694, 1028, -68, 108
 1695, 1029, -68, 108
 1696, 1029, -68, 108
 1697, 1030, -67, 108
 1698, 1030, -67, 108
 1699, 1031, -69, 108
 1700, 1031, -67, 108
 1701, 1032, -68, 107
 1702, 1032, -68, 108
 1703, 1033, -66, 108
 1704, 1033, -68, 108
 1705, 1034, -64, 108
 1706, 1034, -64, 70
 1707, 1035, -67, 108
 1708, 1035, -72, 108
 1709, 1036, -73, 108
 1710, 1036, -75, 63
 1711, 1037, -73, 108
 1713, 1038, -72, 108
 1714, 1038, -73, 108
 1715, 1039, -71, 108
 1716, 1039, -70, 108
 1717, 1040, -71, 107
 1718, 1040, -70, 108
 1719, 1041, -71, 108
 1720, 1041, -71, 107
 1721, 1042, -70, 108
 1722, 1042, -69, 108
 1723, 1043, -68, 108
 1724, 1043, -70, 108
 1725, 1044, -69, 107
 1726, 1044, -67, 108
 1727, 1045, -66, 108
 1728, 1045, -66, 107
 1729, 1046, -65, 107
 1730, 1046, -66, 108
 1731, 1047, -66, 103
 1732, 1047, -66, 107
 1733, 1048, -66, 107
 1734, 1048, -66, 108
 1735, 1049, -67, 104
 1736, 1049, -67, 68
 1737, 1050, -68, 104
 1738, 1050, -68, 107
 1739, 1051, -67, 108
 1740, 1051, -68, 108
 1741, 1052, -67, 108
 1742, 1052, -67, 108
 1743, 1053, -68, 107
 1744, 1053, -69, 108
 1745, 1054, -67, 107
 1746, 1054, -66, 107
 1747, 1055, -64, 108
 1748, 1055, -66, 108
 1749, 1056, -63, 107
 1750, 1056, -66, 108
 1751, 1057, -66, 108
 1752, 1057, -67, 105
 1753, 1058, -66, 108
 1754, 1058, -66, 108
 1755, 1059, -67, 108
 1756, 1059, -68, 108
 1757, 1060, -67, 108
 1758, 1060, -65, 108
 1759, 1061, -64, 107
 1760, 1061, -64, 107
 1761, 1062, -63, 108
 1762, 1062, -64, 108
 1763, 1063, -69, 108
 1764, 1063, -64, 108
 1765, 1064, -71, 108
 1766, 1064, -65, 106
 1767, 1065, -70, 107
 1768, 1065, -66, 107
 1769, 1066, -66, 108
 1770, 1066, -67, 107
 1771, 1067, -68, 108
 1772, 1067, -67, 108
 1773, 1068, -67, 108
 1774, 1068, -66, 108
 1775, 1069, -64, 108
 1776, 1069, -65, 107
 1777, 1070, -67, 107
 1778, 1070, -66, 108
 1779, 1071, -70, 108
 1780, 1071, -67, 108
 1781, 1072, -68, 108
 1782, 1072, -68, 108
 1783, 1073, -68, 108
 1784, 1073, -68, 108
 1785, 1074, -67, 108
 1786, 1074, -69, 108
 1787, 1075, -70, 107
 1788, 1075, -69, 108
 1789, 1076, -70, 108
 1790, 1076, -67, 108
 1791, 1077, -63, 107
 1792, 1077, -65, 108
 1793, 1078, -67, 108
 1794, 1078, -64, 108
 1795, 1079, -64, 108
 1796, 1079, -67, 108
 1797, 1080, -66, 107
 1798, 1080, -66, 108
 1799, 1081, -67, 108
 1800, 1081, -67, 108
 1801, 1082, -66, 108
 1802, 1082, -66, 108
 1803, 1083, -66, 105
 1804, 1083, -64, 108
 1805, 1084, -68, 108
 1806, 1084, -65, 108
 1807, 1085, -73, 74
 1808, 1085, -72, 108
 1809, 1086, -70, 108
 1810, 1086, -66, 108
 1811, 1087, -67, 108
 1812, 1087, -66, 108
 1813, 1088, -67, 108
 1814, 1088, -67, 108
 1815, 1089, -69, 108
 1816, 1089, -69, 105
 1817, 1090, -68, 103
 1818, 1090, -69, 108
 1819, 1091, -69, 108
 1820, 1091, -68, 108
 1821, 1092, -69, 108
 1822, 1092, -69, 108
 1823, 1093, -69, 108
 1824, 1093, -66, 108
 1825, 1094, -65, 107
 1826, 1094, -66, 108
 1827, 1095, -65, 108
 1828, 1095, -66, 108
 1829, 1096, -66, 107
 1830, 1096, -69, 108
 1831, 1097, -70, 108
 1832, 1097, -69, 108
 1833, 1098, -69, 108
 1834, 1098, -68, 108
 1835, 1099, -69, 108
 1836, 1099, -67, 108
 1837, 1100, -67, 107
 1838, 1100, -68, 107
 1839, 1101, -69, 108
 1840, 1101, -64, 108
 1841, 1102, -72, 108
 1842, 1102, -70, 108
 1843, 1103, -66, 108
 1844, 1103, -66, 107
 1845, 1104, -68, 108
 1846, 1104, -70, 108
 1847, 1105, -69, 108
 1848, 1105, -71, 108
 1849, 1106, -69, 108
 1850, 1106, -69, 106
 1851, 1107, -68, 107
 1852, 1107, -69, 107
 1853, 1108, -69, 106
 1854, 1108, -69, 108
 1855, 1109, -69, 108
 1856, 1109, -68, 103
 1857, 1110, -71, 108
 1858, 1110, -68, 107
 1859, 1111, -69, 103
 1860, 1111, -70, 105
 1861, 1112, -71, 108
 1862, 1112, -71, 99
 1863, 1113, -70, 108
 1864, 1113, -70, 108
 1865, 1114, -67, 108
 1866, 1114, -69, 107
