 30, 65, -44, 108
 31, 66, -43, 107
 32, 67, -43, 108
 33, 67, -44, 108
 34, 68, -44, 107
 35, 68, -43, 108
 36, 69, -44, 108
 37, 69, -43, 107
 38, 69, -43, 108
 39, 70, -43, 108
 40, 71, -43, 108
 41, 71, -44, 108
 42, 71, -44, 55
 43, 72, -45, 108
 44, 72, -44, 108
 45, 73, -43, 108
 46, 73, -44, 108
 47, 74, -45, 108
 48, 75, -44, 108
 49, 75, -45, 108
 50, 76, -45, 108
 51, 76, -44, 108
 52, 76, -44, 108
 53, 77, -45, 108
 54, 78, -45, 108
 55, 78, -44, 108
 56, 78, -44, 108
 57, 79, -45, 107
 58, 80, -44, 108
 59, 80, -44, 108
 60, 81, -44, 108
 61, 81, -45, 108
 62, 82, -45, 107
 63, 82, -45, 108
 64, 83, -45, 107
 65, 83, -45, 108
 66, 83, -45, 108
 67, 84, -45, 108
 68, 84, -45, 108
 69, 85, -45, 108
 70, 86, -44, 108
 71, 86, -44, 108
 72, 86, -44, 108
 73, 87, -44, 108
 74, 88, -45, 108
 75, 88, -45, 108
 76, 89, -45, 108
 77, 89, -44, 108
 78, 90, -44, 108
 79, 90, -45, 108
 80, 90, -45, 108
 81, 91, -45, 107
 82, 91, -46, 108
 83, 92, -45, 108
 84, 93, -45, 108
 85, 93, -45, 107
 86, 93, -45, 108
 87, 94, -45, 108
 88, 95, -46, 107
 89, 95, -45, 108
 90, 96, -45, 108
 91, 96, -46, 108
 92, 96, -47, 107
 93, 97, -45, 108
 94, 98, -45, 108
 95, 98, -45, 107
 96, 99, -45, 108
 97, 99, -45, 108
 98, 99, -45, 108
 99, 100, -45, 107
 100, 101, -45, 108
 101, 101, -45, 108
 102, 102, -45, 108
 103, 102, -45, 108
 104, 102, -45, 70
 105, 103, -45, 108
 106, 103, -45, 107
 107, 104, -43, 108
 108, 104, -44, 107
 109, 105, -43, 107
 110, 106, -45, 62
 111, 106, -45, 108
 112, 106, -47, 107
 113, 107, -43, 108
 114, 107, -43, 108
 115, 108, -45, 108
 116, 108, -43, 108
 117, 109, -45, 108
 118, 109, -44, 108
 119, 110, -44, 94
 120, 110, -45, 107
 121, 111, -45, 108
 122, 112, -45, 107
 123, 112, -45, 108
 124, 112, -45, 108
 125, 113, -45, 108
 126, 113, -45, 108
 127, 114, -45, 108
 128, 115, -45, 108
 129, 115, -44, 108
 130, 116, -45, 107
 131, 116, -45, 108
 132, 116, -45, 108
 133, 117, -43, 108
 134, 117, -45, 108
 135, 118, -45, 108
 136, 119, -44, 108
 137, 119, -43, 107
 138, 120, -44, 108
 139, 120, -43, 108
 140, 120, -44, 108
 141, 121, -44, 108
 142, 121, -45, 108
 143, 122, -45, 107
 144, 122, -44, 107
 145, 123, -44, 107
 146, 123, -44, 108
 147, 124, -44, 108
 148, 125, -44, 108
 149, 125, -44, 108
 150, 125, -43, 108
 151, 126, -43, 108
 152, 126, -44, 108
 153, 127, -44, 107
 154, 128, -45, 108
 155, 128, -43, 108
 156, 129, -44, 108
 157, 129, -44, 108
 158, 130, -45, 107
 159, 130, -44, 108
 160, 131, -43, 108
 161, 131, -45, 108
 162, 131, -45, 108
 163, 132, -44, 107
 164, 133, -45, 108
 165, 133, -45, 108
 166, 133, -45, 108
 167, 134, -43, 107
 168, 135, -44, 108
 169, 135, -44, 97
 170, 136, -44, 108
 171, 136, -44, 108
 172, 137, -44, 108
 173, 137, -44, 108
 174, 137, -44, 108
 175, 138, -45, 108
 176, 139, -45, 108
 177, 139, -45, 108
 178, 139, -44, 108
 179, 140, -45, 108
 180, 140, -43, 108
 181, 141, -44, 108
 182, 142, -45, 107
 183, 142, -44, 108
 184, 142, -44, 108
 185, 143, -44, 108
 186, 143, -45, 78
 187, 144, -45, 108
 188, 144, -45, 108
 189, 145, -45, 108
 190, 145, -45, 97
 191, 146, -45, 108
 192, 147, -45, 108
 193, 147, -44, 107
 194, 147, -44, 108
 195, 148, -45, 108
 196, 148, -45, 62
 197, 149, -45, 107
 198, 149, -45, 108
 199, 150, -45, 108
 200, 151, -45, 108
 201, 151, -45, 107
 202, 152, -45, 107
 203, 152, -45, 87
 204, 152, -45, 108
 205, 153, -45, 108
 206, 154, -45, 108
 207, 154, -45, 108
 208, 154, -45, 107
 209, 155, -45, 108
 210, 156, -46, 108
 211, 156, -45, 108
 212, 156, -44, 108
 213, 157, -45, 108
 214, 157, -44, 108
 215, 158, -45, 108
 216, 159, -45, 108
 217, 159, -45, 106
 218, 160, -44, 108
 219, 160, -44, 107
 220, 160, -44, 107
 221, 161, -44, 108
 222, 162, -44, 108
 223, 162, -44, 108
 224, 162, -45, 108
 225, 163, -45, 108
 226, 163, -45, 108
 227, 164, -45, 107
 228, 165, -45, 108
 229, 165, -45, 107
 230, 166, -45, 108
 231, 166, -45, 108
 232, 167, -45, 108
 233, 167, -45, 108
 234, 168, -44, 107
 235, 168, -44, 108
 236, 168, -44, 108
 237, 169, -44, 108
 238, 170, -44, 108
 239, 170, -43, 108
 240, 170, -44, 108
 241, 171, -44, 107
 242, 171, -44, 107
 243, 172, -43, 108
 244, 172, -44, 108
 245, 173, -43, 82
 246, 174, -44, 108
 247, 174, -45, 108
 248, 175, -45, 107
 249, 175, -45, 108
 250, 175, -45, 107
 251, 176, -45, 108
 252, 176, -45, 108
 253, 177, -45, 108
 254, 177, -44, 108
 255, 178, -45, 107
 256, 179, -45, 108
 257, 179, -45, 108
 258, 179, -45, 108
 259, 180, -45, 108
 260, 181, -44, 108
 261, 181, -44, 108
 262, 181, -45, 108
 263, 182, -44, 108
 264, 182, -44, 108
 265, 183, -44, 108
 266, 184, -45, 108
 267, 184, -45, 108
 268, 184, -45, 108
 269, 185, -45, 107
 270, 186, -44, 108
 271, 186, -45, 108
 272, 187, -45, 108
 273, 187, -45, 108
 274, 188, -45, 108
 275, 188, -44, 108
 276, 189, -44, 108
 277, 189, -44, 108
 278, 190, -44, 108
 279, 190, -45, 107
 280, 190, -45, 108
 281, 191, -44, 108
 282, 191, -45, 108
 283, 192, -45, 108
 284, 192, -45, 108
 285, 193, -45, 108
 286, 194, -45, 108
 287, 194, -44, 108
 288, 194, -45, 108
 289, 195, -45, 108
 290, 195, -45, 107
 291, 196, -45, 108
 292, 196, -45, 108
 293, 197, -45, 108
 294, 198, -45, 108
 295, 198, -45, 108
 296, 199, -44, 108
 297, 199, -44, 108
 298, 199, -45, 108
 299, 200, -45, 108
 300, 200, -45, 48
 301, 201, -45, 108
 302, 202, -45, 108
 303, 202, -44, 108
 304, 203, -43, 108
 305, 203, -44, 108
 306, 203, -45, 107
 307, 204, -45, 107
 308, 205, -45, 108
 309, 205, -45, 83
 310, 205, -45, 58
 311, 206, -45, 107
 312, 206, -45, 108
 313, 207, -45, 108
 314, 207, -45, 73
 315, 208, -45, 108
 316, 209, -45, 108
 317, 209, -45, 108
 318, 210, -44, 108
 319, 210, -44, 107
 320, 211, -44, 108
 321, 211, -44, 107
 322, 212, -44, 108
 323, 212, -44, 71
 324, 213, -44, 107
 325, 213, -44, 108
 326, 214, -44, 108
 327, 214, -44, 107
 328, 215, -44, 108
 329, 215, -44, 108
 330, 216, -44, 108
 331, 216, -44, 108
 332, 216, -44, 66
 333, 217, -44, 108
 334, 217, -44, 51
 335, 218, -44, 108
 336, 218, -44, 108
 337, 219, -44, 108
 338, 220, -44, 108
 339, 220, -44, 108
 340, 221, -44, 108
 341, 221, -44, 107
 342, 222, -45, 108
 343, 222, -45, 107
 344, 223, -44, 107
 345, 223, -44, 108
 346, 223, -44, 87
 347, 224, -44, 108
 348, 224, -44, 108
 349, 225, -43, 108
 350, 225, -44, 108
 351, 226, -44, 107
 352, 226, -44, 108
 353, 227, -44, 108
 354, 228, -44, 108
 355, 228, -44, 86
 356, 229, -43, 108
 357, 229, -43, 108
 358, 229, -44, 108
 359, 230, -44, 108
 360, 231, -43, 107
 361, 231, -43, 108
 362, 232, -43, 107
 363, 232, -44, 107
 364, 232, -44, 108
 365, 233, -44, 107
 366, 234, -44, 108
 367, 234, -44, 107
 368, 234, -44, 108
 369, 235, -44, 107
 370, 236, -44, 108
 371, 236, -44, 94
 372, 236, -44, 107
 373, 237, -43, 107
 374, 238, -43, 107
 375, 238, -43, 108
 376, 238, -44, 108
 377, 239, -44, 107
 378, 240, -44, 108
 379, 240, -44, 108
 380, 240, -45, 108
 381, 241, -43, 108
 382, 241, -44, 108
 383, 242, -44, 108
 384, 243, -44, 108
 385, 243, -44, 89
 386, 243, -43, 108
 387, 244, -44, 108
 388, 245, -44, 107
 389, 245, -44, 107
 390, 246, -44, 108
 391, 246, -44, 108
 392, 246, -44, 108
 393, 247, -44, 108
 394, 248, -43, 108
 395, 248, -43, 108
 396, 249, -44, 107
 397, 249, -44, 108
 398, 249, -44, 84
 399, 250, -45, 107
 400, 251, -45, 107
 401, 251, -45, 108
 402, 251, -45, 108
 403, 252, -44, 108
 404, 253, -44, 108
 405, 253, -44, 108
 406, 254, -44, 108
 407, 254, -44, 107
 408, 255, -44, 108
 409, 255, -44, 108
 410, 256, -43, 107
 411, 256, -43, 107
 412, 257, -43, 99
 413, 257, -44, 108
 414, 258, -45, 108
 415, 258, -44, 108
 416, 259, -44, 108
 417, 259, -44, 108
 418, 260, -44, 107
 419, 260, -45, 108
 420, 260, -45, 108
 421, 261, -44, 108
 422, 261, -44, 108
 423, 262, -43, 108
 424, 262, -43, 108
 425, 263, -45, 107
 426, 264, -45, 108
 427, 264, -45, 108
 428, 265, -45, 107
 429, 265, -45, 108
 430, 265, -44, 108
 431, 266, -45, 108
 432, 266, -44, 108
 433, 267, -44, 107
 434, 268, -45, 107
 435, 268, -45, 108
 436, 269, -45, 108
 437, 269, -45, 108
 438, 270, -45, 107
 439, 270, -44, 108
 440, 270, -45, 107
 441, 271, -45, 108
 442, 271, -45, 108
 443, 272, -45, 108
 444, 273, -44, 107
 445, 273, -44, 108
 446, 273, -44, 108
 447, 274, -44, 108
 448, 275, -44, 108
 449, 275, -44, 108
 450, 275, -44, 107
 451, 276, -44, 108
 452, 277, -44, 108
 453, 277, -45, 107
 454, 278, -45, 107
 455, 278, -44, 108
 456, 278, -44, 107
 457, 279, -44, 108
 458, 280, -44, 108
 459, 280, -44, 108
 460, 280, -44, 108
 461, 281, -44, 108
 462, 282, -45, 108
 463, 282, -44, 106
 464, 283, -44, 108
 465, 283, -45, 107
 466, 283, -44, 108
 467, 284, -43, 108
 468, 284, -43, 107
 469, 285, -43, 108
 470, 285, -43, 108
 471, 286, -43, 108
 472, 287, -43, 108
 473, 287, -43, 107
 474, 287, -43, 108
 475, 288, -43, 108
 476, 288, -43, 108
 477, 289, -43, 108
 478, 289, -43, 107
 479, 290, -43, 108
 480, 290, -43, 108
 481, 291, -43, 108
 482, 292, -43, 108
 483, 292, -43, 108
 484, 292, -43, 108
 485, 293, -43, 108
 486, 294, -43, 108
 487, 294, -43, 108
 488, 295, -43, 107
 489, 295, -43, 108
 490, 295, -43, 108
 491, 296, -43, 108
 492, 296, -43, 108
 493, 297, -43, 108
 494, 297, -43, 108
 495, 298, -43, 107
 496, 298, -43, 108
 497, 299, -43, 107
 498, 300, -43, 107
 499, 300, -43, 107
 500, 300, -43, 107
 501, 301, -43, 108
 502, 302, -43, 107
 503, 302, -43, 107
 504, 302, -43, 107
 505, 303, -43, 108
 506, 303, -43, 108
 507, 304, -44, 108
 508, 304, -43, 108
 509, 305, -44, 108
 510, 305, -44, 108
 511, 306, -44, 108
 512, 306, -43, 108
 513, 307, -44, 108
 514, 307, -43, 108
 515, 308, -45, 107
 516, 309, -45, 108
 517, 309, -44, 107
 518, 310, -45, 108
 519, 310, -45, 108
 520, 311, -44, 108
 521, 311, -43, 107
 522, 312, -43, 107
 523, 312, -43, 108
 524, 312, -43, 108
 525, 313, -43, 108
 526, 313, -43, 108
 527, 314, -43, 108
 528, 314, -43, 49
 529, 315, -43, 107
 530, 315, -43, 108
 531, 316, -43, 83
 532, 316, -43, 108
 533, 317, -43, 108
 534, 317, -43, 108
 535, 318, -43, 107
 536, 318, -43, 108
 537, 319, -43, 107
 538, 320, -43, 107
 539, 320, -43, 108
 540, 321, -44, 107
 541, 321, -43, 107
 542, 321, -44, 108
 543, 322, -44, 108
 544, 322, -44, 108
 545, 323, -44, 107
 546, 323, -44, 107
 547, 324, -44, 108
 548, 324, -44, 108
 549, 325, -44, 108
 550, 326, -44, 108
 551, 326, -44, 108
 552, 327, -44, 108
 553, 327, -43, 107
 554, 328, -43, 108
 555, 328, -43, 108
 556, 328, -43, 108
 557, 329, -43, 108
 558, 330, -43, 108
 559, 330, -43, 107
 560, 331, -44, 107
 561, 331, -43, 108
 562, 332, -43, 108
 563, 332, -43, 108
 564, 333, -44, 107
 565, 333, -44, 107
 566, 333, -43, 107
 567, 334, -44, 108
 568, 335, -43, 107
 569, 335, -43, 108
 570, 336, -44, 108
 571, 336, -44, 108
 572, 337, -43, 108
 573, 337, -44, 108
 574, 338, -43, 108
 575, 338, -44, 108
 576, 339, -44, 108
 577, 339, -44, 108
 578, 340, -44, 108
 579, 340, -44, 108
 580, 340, -44, 108
 581, 341, -44, 108
 582, 341, -43, 108
 583, 342, -44, 107
 584, 343, -44, 107
 585, 343, -44, 107
 586, 344, -44, 108
 587, 344, -44, 108
 588, 345, -44, 107
 589, 345, -44, 108
 590, 345, -44, 108
 591, 346, -44, 108
 592, 347, -44, 108
 593, 347, -44, 107
 594, 347, -43, 108
 595, 348, -44, 108
 596, 348, -44, 108
 597, 349, -43, 108
 598, 349, -44, 108
 599, 350, -44, 108
 600, 350, -43, 108
 601, 351, -43, 108
 602, 351, -43, 107
 603, 352, -43, 108
 604, 353, -43, 107
 605, 353, -44, 106
 606, 354, -44, 108
 607, 354, -44, 108
 608, 355, -44, 108
 609, 355, -43, 108
 610, 356, -43, 108
 611, 356, -44, 108
 612, 357, -44, 108
 613, 357, -44, 108
 614, 358, -43, 107
 615, 358, -44, 108
 616, 358, -44, 108
 617, 359, -44, 108
 618, 359, -44, 108
 619, 360, -44, 108
 620, 361, -44, 108
 621, 361, -44, 108
 622, 362, -44, 108
 623, 362, -43, 108
 624, 362, -43, 107
 625, 363, -43, 108
 626, 364, -43, 108
 627, 364, -43, 108
 628, 365, -43, 108
 629, 365, -43, 108
 630, 365, -43, 108
 631, 366, -43, 108
 632, 367, -44, 108
 633, 367, -43, 107
 634, 368, -43, 108
 635, 368, -43, 108
 636, 368, -43, 78
 637, 369, -43, 108
 638, 369, -43, 108
 639, 370, -44, 108
 640, 371, -43, 107
 641, 371, -43, 107
 642, 372, -43, 108
 643, 372, -43, 107
 644, 373, -43, 108
 645, 373, -43, 108
 646, 374, -43, 107
 647, 374, -43, 108
 648, 374, -43, 107
 649, 375, -43, 107
 650, 375, -43, 108
 651, 376, -43, 107
 652, 377, -43, 108
 653, 377, -43, 108
 654, 378, -43, 108
 655, 378, -44, 107
 656, 379, -43, 107
 657, 379, -43, 108
 658, 380, -43, 108
 659, 380, -43, 108
 660, 380, -43, 108
 661, 381, -43, 108
 662, 381, -43, 108
 663, 382, -43, 108
 664, 383, -43, 108
 665, 383, -44, 108
 666, 384, -44, 108
 667, 384, -44, 108
 668, 385, -44, 108
 669, 385, -44, 108
 670, 385, -45, 108
 671, 386, -45, 108
 672, 387, -43, 108
 673, 387, -44, 108
 674, 387, -44, 45
 675, 388, -44, 107
 676, 388, -44, 107
 677, 389, -44, 108
 678, 389, -44, 108
 679, 390, -44, 108
 680, 390, -44, 51
 681, 391, -44, 108
 682, 392, -43, 108
 683, 392, -43, 108
 684, 393, -43, 107
 685, 393, -43, 108
 686, 394, -43, 108
 687, 394, -43, 108
 688, 394, -43, 108
 689, 395, -43, 108
 690, 396, -43, 108
 691, 396, -44, 108
 692, 396, -43, 107
 693, 397, -43, 108
 694, 398, -43, 107
 695, 398, -43, 108
 696, 399, -43, 108
 697, 399, -43, 107
 698, 400, -43, 108
 699, 400, -43, 108
 700, 400, -43, 108
 701, 401, -44, 108
 702, 402, -43, 107
 703, 402, -43, 107
 704, 402, -43, 107
 705, 403, -43, 108
 706, 403, -43, 79
 707, 404, -44, 108
 708, 404, -44, 108
 709, 405, -43, 108
 710, 406, -43, 108
 711, 406, -43, 108
 712, 407, -43, 108
 713, 407, -43, 108
 714, 408, -45, 107
 715, 408, -44, 108
 716, 408, -43, 108
 717, 409, -43, 108
 718, 410, -43, 108
 719, 410, -43, 108
 720, 411, -44, 108
 721, 411, -44, 107
 722, 411, -44, 108
 723, 412, -44, 108
 724, 413, -43, 108
 725, 413, -44, 108
 726, 414, -45, 108
 727, 414, -45, 107
 728, 414, -45, 108
 729, 415, -45, 108
 730, 415, -45, 108
 731, 416, -45, 108
 732, 417, -45, 108
 733, 417, -45, 108
 734, 418, -45, 108
 735, 418, -45, 108
 736, 418, -45, 68
 737, 419, -45, 108
 738, 420, -45, 92
 739, 420, -45, 108
 740, 421, -45, 108
 741, 421, -45, 77
 742, 422, -45, 108
 743, 422, -45, 108
 744, 423, -45, 108
 745, 423, -45, 108
 746, 423, -45, 108
 747, 424, -45, 108
 748, 424, -45, 107
 749, 425, -45, 108
 750, 425, -44, 108
 751, 426, -45, 108
 752, 426, -45, 108
 753, 427, -45, 108
 754, 428, -45, 107
 755, 428, -45, 108
 756, 429, -45, 107
 757, 429, -43, 108
 758, 430, -44, 56
 759, 430, -44, 108
 760, 431, -45, 108
 761, 431, -44, 108
 762, 432, -45, 108
 763, 432, -45, 107
 764, 432, -45, 108
 765, 433, -45, 108
 766, 433, -45, 108
 767, 434, -45, 108
 768, 435, -45, 108
 769, 435, -44, 107
 770, 436, -44, 108
 771, 436, -45, 107
 772, 436, -45, 108
 773, 437, -45, 108
 774, 438, -45, 107
 775, 438, -45, 108
 776, 438, -45, 108
 777, 439, -45, 108
 778, 440, -44, 108
 779, 440, -44, 108
 780, 440, -44, 107
 781, 441, -44, 108
 782, 442, -44, 108
 783, 442, -44, 108
 784, 442, -45, 73
 785, 443, -45, 108
 786, 443, -45, 108
 787, 444, -45, 108
 788, 444, -45, 108
 789, 445, -45, 108
 790, 446, -45, 108
 791, 446, -45, 107
 792, 447, -45, 108
 793, 447, -45, 107
 794, 448, -44, 108
 795, 448, -44, 108
 796, 448, -44, 108
 797, 449, -44, 107
 798, 449, -44, 108
 799, 450, -44, 108
 800, 450, -44, 108
 801, 451, -44, 108
 802, 452, -44, 108
 803, 452, -44, 108
 804, 452, -43, 108
 805, 453, -43, 108
 806, 453, -45, 107
 807, 454, -45, 108
 808, 455, -45, 108
 809, 455, -44, 108
 810, 455, -43, 108
 811, 456, -44, 108
 812, 457, -45, 107
 813, 457, -45, 108
 814, 458, -45, 107
 815, 458, -45, 108
 816, 459, -45, 108
 817, 459, -45, 107
 818, 459, -44, 108
 819, 460, -43, 108
 820, 461, -44, 108
 821, 461, -44, 108
 822, 462, -44, 92
 823, 462, -44, 108
 824, 463, -44, 107
 825, 463, -44, 107
 826, 463, -44, 71
 827, 464, -44, 108
 828, 464, -44, 107
 829, 465, -44, 108
 830, 466, -44, 108
 831, 466, -44, 108
 832, 467, -44, 108
 833, 467, -44, 108
 834, 467, -44, 108
 835, 468, -43, 108
 836, 468, -44, 108
 837, 469, -44, 108
 838, 470, -44, 108
 839, 470, -44, 72
 840, 471, -44, 108
 841, 471, -44, 108
 842, 472, -44, 108
 843, 472, -44, 107
 844, 472, -44, 108
 845, 473, -44, 108
 846, 474, -44, 108
 847, 474, -44, 108
 848, 474, -44, 108
 849, 475, -44, 108
 850, 475, -44, 108
 851, 476, -44, 108
 852, 476, -44, 108
 853, 477, -44, 107
 854, 477, -44, 94
 855, 478, -44, 107
 856, 479, -44, 108
 857, 479, -44, 107
 858, 479, -44, 107
 859, 480, -44, 108
 860, 480, -44, 107
 861, 481, -44, 80
 862, 482, -44, 108
 863, 482, -44, 108
 864, 483, -43, 108
 865, 483, -44, 108
 866, 483, -44, 94
 867, 484, -44, 108
 868, 485, -44, 95
 869, 485, -43, 108
 870, 486, -44, 107
 871, 486, -43, 108
 872, 486, -43, 107
 873, 487, -43, 108
 874, 488, -44, 108
 875, 488, -43, 108
 876, 489, -43, 108
 877, 489, -43, 108
 878, 490, -43, 107
 879, 490, -44, 108
 880, 491, -44, 108
 881, 491, -43, 108
 882, 491, -44, 108
 883, 492, -43, 108
 884, 493, -44, 107
 885, 493, -43, 108
 886, 494, -44, 108
 887, 494, -44, 108
 888, 495, -44, 107
 889, 495, -44, 108
 890, 496, -44, 107
 891, 496, -43, 108
 892, 496, -43, 108
 893, 497, -44, 108
 894, 498, -44, 108
 895, 498, -44, 108
 896, 498, -44, 107
 897, 499, -43, 108
 898, 499, -44, 108
 899, 500, -43, 107
 900, 500, -44, 108
 901, 501, -44, 107
 902, 502, -44, 108
 903, 502, -44, 108
 904, 502, -44, 97
 905, 503, -44, 106
 906, 503, -44, 108
 907, 504, -43, 108
 908, 504, -44, 58
 909, 505, -43, 77
 910, 506, -45, 108
 911, 506, -45, 107
 912, 507, -43, 108
 913, 507, -43, 107
 914, 508, -44, 108
 915, 508, -44, 67
 916, 509, -44, 108
 917, 509, -44, 108
 918, 510, -45, 108
 919, 510, -45, 108
 920, 511, -44, 107
 921, 511, -44, 108
 922, 512, -44, 108
 923, 512, -45, 107
 924, 512, -45, 108
 925, 513, -45, 107
 926, 514, -44, 72
 927, 514, -45, 108
 928, 515, -44, 108
 929, 515, -44, 108
 930, 516, -44, 108
 931, 516, -44, 108
 932, 517, -44, 108
 933, 517, -44, 108
 934, 518, -43, 108
 935, 518, -43, 107
 936, 519, -43, 108
 937, 519, -44, 108
 938, 520, -44, 108
 939, 520, -45, 108
 940, 521, -44, 107
 941, 521, -44, 108
 942, 522, -43, 108
 943, 522, -44, 108
 944, 523, -44, 108
 945, 523, -44, 108
 946, 524, -43, 107
 947, 524, -43, 107
 948, 525, -43, 107
 949, 525, -44, 108
 950, 525, -44, 107
 951, 526, -43, 108
 952, 527, -44, 107
 953, 527, -43, 108
 954, 528, -43, 108
 955, 528, -44, 108
 956, 529, -43, 108
 957, 529, -43, 66
 958, 529, -44, 108
 959, 530, -43, 108
 960, 531, -43, 108
 961, 531, -44, 107
 962, 531, -43, 83
 963, 532, -43, 108
 964, 533, -45, 108
 965, 533, -44, 108
 966, 533, -43, 108
 967, 534, -44, 108
 968, 534, -44, 108
 969, 535, -45, 108
 970, 536, -44, 107
 971, 536, -44, 108
 972, 537, -45, 108
 973, 537, -45, 108
 974, 538, -43, 108
 975, 538, -43, 108
 976, 538, -43, 108
 977, 539, -44, 108
 978, 539, -45, 107
 979, 540, -43, 107
 980, 541, -44, 107
 981, 541, -44, 107
 982, 542, -43, 108
 983, 542, -43, 108
 984, 543, -43, 107
 985, 543, -43, 108
 986, 543, -43, 108
 987, 544, -44, 70
 988, 544, -44, 107
 989, 545, -43, 108
 990, 545, -44, 108
 991, 546, -44, 108
 992, 547, -44, 108
 993, 547, -44, 108
 994, 548, -44, 108
 995, 548, -44, 108
 996, 549, -44, 108
 997, 549, -45, 108
 998, 549, -44, 108
 999, 550, -44, 108
 1000, 551, -44, 108
 1001, 551, -44, 108
 1002, 551, -44, 107
 1003, 552, -44, 108
 1004, 552, -44, 108
 1005, 553, -44, 107
 1006, 553, -44, 108
 1007, 554, -44, 107
 1008, 554, -44, 107
 1009, 555, -44, 108
 1010, 556, -44, 108
 1011, 556, -44, 108
 1012, 557, -44, 108
 1013, 557, -44, 108
 1014, 558, -44, 108
 1015, 558, -44, 108
 1016, 558, -44, 107
 1017, 559, -45, 107
 1018, 560, -45, 108
 1019, 560, -45, 107
 1020, 560, -45, 108
 1021, 561, -45, 108
 1022, 561, -44, 108
 1023, 562, -45, 108
 1024, 562, -45, 94
 1025, 563, -45, 108
 1026, 563, -44, 108
 1027, 564, -44, 108
 1028, 565, -45, 106
 1029, 565, -45, 108
 1030, 566, -44, 108
 1031, 566, -45, 108
 1032, 567, -45, 108
 1033, 567, -45, 107
 1034, 567, -45, 107
 1035, 568, -45, 108
 1036, 569, -45, 108
 1037, 569, -45, 107
 1038, 570, -45, 108
 1039, 570, -45, 108
 1040, 571, -45, 108
 1041, 571, -45, 108
 1042, 571, -45, 108
 1043, 572, -45, 108
 1044, 573, -45, 108
 1045, 573, -45, 108
 1046, 574, -45, 107
 1047, 574, -45, 107
 1048, 575, -44, 108
 1049, 575, -45, 108
 1050, 575, -45, 108
 1051, 576, -45, 107
 1052, 577, -44, 108
 1053, 577, -44, 108
 1054, 578, -45, 108
 1055, 578, -45, 108
 1056, 579, -45, 108
 1057, 579, -45, 108
 1058, 580, -45, 107
 1059, 580, -45, 107
 1060, 581, -44, 108
 1061, 581, -45, 107
 1062, 582, -44, 108
 1063, 582, -45, 108
 1064, 583, -45, 108
 1065, 583, -45, 95
 1066, 584, -45, 108
 1067, 584, -45, 108
 1068, 584, -44, 108
 1069, 585, -45, 108
 1070, 586, -44, 107
 1071, 586, -44, 108
 1072, 587, -44, 108
 1073, 587, -44, 108
 1074, 587, -43, 108
 1075, 588, -45, 107
 1076, 588, -44, 108
 1077, 589, -44, 108
 1078, 590, -46, 108
 1079, 590, -44, 108
 1080, 591, -43, 108
 1081, 591, -43, 108
 1082, 591, -43, 108
 1083, 592, -44, 108
 1084, 593, -43, 108
 1085, 593, -44, 108
 1086, 594, -43, 108
 1087, 594, -44, 108
 1088, 595, -44, 108
 1089, 595, -44, 108
 1090, 596, -44, 108
 1091, 596, -44, 108
 1092, 597, -44, 107
 1093, 597, -44, 108
 1094, 597, -44, 108
 1095, 598, -44, 108
 1096, 599, -44, 108
 1097, 599, -44, 107
 1098, 600, -44, 108
 1099, 600, -44, 108
 1100, 601, -43, 108
 1101, 601, -43, 108
 1102, 602, -45, 108
 1103, 602, -44, 108
 1104, 603, -43, 108
 1105, 603, -43, 108
 1106, 604, -43, 108
 1107, 604, -44, 108
 1108, 605, -44, 107
 1109, 605, -43, 108
 1110, 606, -44, 108
 1111, 606, -44, 108
 1112, 607, -43, 107
 1113, 607, -43, 108
 1114, 607, -43, 108
 1115, 608, -44, 108
 1116, 609, -45, 108
 1117, 609, -45, 108
 1118, 610, -45, 107
 1119, 610, -45, 107
 1120, 611, -45, 108
 1121, 611, -45, 108
 1122, 611, -45, 107
 1123, 612, -45, 108
 1124, 613, -44, 108
 1125, 613, -43, 107
 1126, 614, -44, 108
 1127, 614, -44, 108
 1128, 614, -45, 108
 1129, 615, -44, 108
 1130, 616, -44, 108
 1131, 616, -45, 108
 1132, 617, -45, 107
 1133, 617, -43, 108
 1134, 618, -44, 107
 1135, 618, -44, 108
 1136, 619, -44, 72
 1137, 619, -44, 108
 1138, 620, -44, 108
 1139, 620, -43, 108
 1140, 621, -45, 108
 1141, 621, -45, 108
 1142, 622, -45, 108
 1143, 622, -44, 107
 1144, 623, -44, 108
 1145, 623, -45, 108
 1146, 624, -44, 107
 1147, 624, -44, 108
 1148, 625, -44, 108
 1149, 625, -44, 108
 1150, 626, -45, 108
 1151, 626, -44, 108
 1152, 626, -45, 108
 1153, 627, -44, 108
 1154, 628, -44, 108
 1155, 628, -44, 107
 1156, 629, -44, 107
 1157, 629, -44, 108
 1158, 629, -45, 108
 1159, 630, -44, 108
 1160, 630, -44, 108
 1161, 631, -44, 108
 1162, 631, -44, 107
 1163, 632, -44, 108
 1164, 633, -44, 108
 1165, 633, -44, 107
 1166, 634, -44, 108
 1167, 634, -44, 108
 1168, 635, -44, 108
 1169, 635, -44, 108
 1170, 636, -43, 107
 1171, 636, -43, 108
 1172, 637, -43, 108
 1173, 637, -43, 107
 1174, 638, -43, 108
 1175, 638, -43, 107
 1176, 639, -43, 108
 1177, 639, -44, 108
 1178, 640, -44, 108
 1179, 640, -44, 108
 1180, 641, -44, 108
 1181, 641, -44, 108
 1182, 642, -44, 108
 1183, 642, -44, 108
 1184, 643, -45, 107
 1185, 643, -45, 108
 1186, 643, -43, 108
 1187, 644, -44, 108
 1188, 645, -44, 107
 1189, 645, -43, 108
 1190, 646, -43, 108
 1191, 646, -43, 108
 1192, 647, -44, 108
 1193, 647, -43, 108
 1194, 648, -43, 108
 1195, 648, -43, 107
 1196, 649, -43, 108
 1197, 649, -43, 108
 1198, 649, -43, 108
 1199, 650, -43, 108
 1200, 651, -43, 108
 1201, 651, -43, 108
 1202, 651, -43, 108
 1203, 652, -44, 108
 1204, 653, -44, 108
 1205, 653, -44, 108
 1206, 654, -43, 108
 1207, 654, -43, 108
 1208, 655, -43, 108
 1209, 655, -43, 108
 1210, 656, -44, 108
 1211, 656, -44, 108
 1212, 657, -44, 108
 1213, 657, -44, 107
 1214, 658, -44, 108
 1215, 658, -45, 107
 1216, 658, -45, 108
 1217, 659, -45, 108
 1218, 660, -44, 108
 1219, 660, -43, 108
 1220, 661, -45, 108
 1221, 661, -43, 108
 1222, 662, -44, 107
 1223, 662, -43, 108
 1224, 662, -43, 108
 1225, 663, -43, 108
 1226, 664, -43, 108
 1227, 664, -43, 108
 1228, 665, -43, 108
 1229, 665, -43, 108
 1230, 666, -43, 108
 1231, 666, -44, 108
 1232, 667, -43, 107
 1233, 667, -43, 108
 1234, 668, -44, 108
 1235, 668, -45, 108
 1236, 669, -44, 108
 1237, 669, -44, 108
 1238, 670, -44, 108
 1239, 670, -45, 108
 1240, 671, -44, 108
 1241, 671, -44, 107
 1242, 672, -44, 108
 1243, 672, -45, 108
 1244, 673, -45, 108
 1245, 673, -45, 108
 1246, 674, -45, 108
 1247, 674, -45, 108
 1248, 675, -45, 108
 1249, 675, -45, 108
 1250, 675, -45, 108
 1251, 676, -45, 108
 1252, 677, -45, 108
 1253, 677, -45, 108
 1254, 677, -45, 107
 1255, 678, -45, 108
 1256, 679, -45, 108
 1257, 679, -44, 108
 1258, 680, -44, 108
 1259, 680, -45, 108
 1260, 680, -45, 49
 1261, 681, -44, 108
 1262, 682, -44, 108
 1263, 682, -43, 108
 1264, 683, -43, 108
 1265, 683, -43, 108
 1266, 684, -43, 108
 1267, 684, -45, 108
 1268, 685, -43, 108
 1269, 685, -44, 108
 1270, 685, -44, 108
 1271, 686, -43, 107
 1272, 687, -44, 108
 1273, 687, -44, 108
 1274, 687, -44, 108
 1275, 688, -45, 108
 1276, 689, -44, 108
 1277, 689, -44, 108
 1278, 690, -44, 108
 1279, 690, -43, 108
 1280, 691, -44, 108
 1281, 691, -44, 108
 1282, 692, -44, 108
 1283, 692, -44, 108
 1284, 693, -43, 108
 1285, 693, -43, 108
 1286, 694, -43, 108
 1287, 694, -44, 107
 1288, 695, -44, 107
 1289, 695, -44, 108
 1290, 696, -44, 108
 1291, 696, -43, 108
 1292, 697, -44, 108
 1293, 697, -44, 107
 1294, 697, -43, 108
 1295, 698, -43, 107
 1296, 699, -44, 108
 1297, 699, -44, 108
 1298, 700, -43, 108
 1299, 700, -43, 108
 1300, 701, -43, 108
 1301, 701, -44, 108
 1302, 702, -43, 108
 1303, 702, -45, 108
 1304, 703, -45, 108
 1305, 703, -44, 108
 1306, 703, -45, 108
 1307, 704, -45, 108
 1308, 705, -44, 108
 1309, 705, -43, 108
 1310, 705, -44, 108
 1311, 706, -43, 108
 1312, 707, -43, 108
 1313, 707, -44, 107
 1314, 708, -43, 107
 1315, 708, -44, 108
 1316, 709, -44, 107
 1317, 709, -43, 108
 1318, 710, -43, 108
 1319, 710, -43, 108
 1320, 710, -44, 107
 1321, 711, -44, 108
 1322, 712, -44, 108
 1323, 712, -43, 108
 1324, 713, -44, 108
 1325, 713, -45, 108
 1326, 714, -43, 108
 1327, 714, -43, 108
 1328, 715, -44, 108
 1329, 715, -44, 108
 1330, 715, -44, 108
 1331, 716, -44, 108
 1332, 716, -44, 108
 1333, 717, -44, 108
 1334, 718, -45, 108
 1335, 718, -44, 108
 1336, 719, -45, 108
 1337, 719, -45, 108
 1338, 720, -43, 108
 1339, 720, -43, 108
 1340, 720, -43, 108
 1341, 721, -43, 108
 1342, 721, -43, 108
 1343, 722, -43, 108
 1344, 723, -43, 108
 1345, 723, -43, 108
 1346, 724, -43, 108
 1347, 724, -43, 108
 1348, 725, -43, 66
 1349, 725, -43, 108
 1350, 726, -43, 108
 1351, 726, -43, 107
 1352, 727, -43, 107
 1353, 727, -43, 108
 1354, 727, -43, 61
 1355, 728, -44, 108
 1356, 728, -44, 108
 1357, 729, -45, 108
 1358, 730, -44, 108
 1359, 730, -43, 108
 1360, 731, -43, 108
 1361, 731, -43, 108
 1362, 732, -43, 108
 1363, 732, -43, 108
 1364, 733, -43, 108
 1365, 733, -44, 108
 1366, 734, -45, 107
 1367, 734, -43, 107
 1368, 735, -44, 108
 1369, 735, -44, 108
 1370, 736, -44, 108
 1371, 736, -44, 108
 1372, 737, -43, 108
 1373, 737, -44, 108
 1374, 737, -44, 107
 1375, 738, -44, 108
 1376, 739, -44, 108
 1377, 739, -43, 107
 1378, 740, -44, 108
 1379, 740, -44, 108
 1380, 741, -44, 108
 1381, 741, -43, 108
 1382, 741, -43, 108
 1383, 742, -44, 108
 1384, 743, -43, 108
 1385, 743, -43, 108
 1386, 744, -44, 108
 1387, 744, -43, 108
 1388, 745, -43, 107
 1389, 745, -43, 107
 1390, 746, -43, 107
 1391, 746, -43, 107
 1392, 746, -44, 108
 1393, 747, -43, 108
 1394, 748, -44, 108
 1395, 748, -44, 108
 1396, 749, -44, 108
 1397, 749, -44, 107
 1398, 750, -44, 108
 1399, 750, -44, 107
 1400, 750, -43, 108
 1401, 751, -43, 108
 1402, 752, -43, 108
 1403, 752, -43, 108
 1404, 753, -44, 108
 1405, 753, -44, 108
 1406, 754, -43, 108
 1407, 754, -43, 108
 1408, 755, -45, 108
 1409, 755, -44, 108
 1410, 756, -44, 108
 1411, 756, -44, 107
 1412, 757, -43, 108
 1413, 757, -45, 108
 1414, 758, -45, 108
 1415, 758, -45, 108
 1416, 759, -44, 108
 1417, 759, -44, 108
 1418, 760, -44, 108
 1419, 760, -44, 107
 1420, 761, -44, 108
 1421, 761, -44, 107
 1422, 761, -44, 108
 1423, 762, -44, 108
 1424, 763, -44, 108
 1425, 763, -44, 107
 1426, 764, -44, 108
 1427, 764, -44, 107
 1428, 764, -44, 108
 1429, 765, -45, 107
 1430, 766, -44, 108
 1431, 766, -44, 108
 1432, 767, -44, 108
 1433, 767, -44, 108
 1434, 768, -44, 108
 1435, 768, -44, 108
 1436, 768, -43, 108
 1437, 769, -44, 107
 1438, 770, -44, 108
 1439, 770, -44, 108
 1440, 770, -43, 108
 1441, 771, -44, 107
 1442, 771, -44, 108
 1443, 772, -44, 108
 1444, 773, -43, 108
 1445, 773, -43, 108
 1446, 773, -43, 108
 1447, 774, -43, 108
 1448, 775, -43, 107
 1449, 775, -43, 108
 1450, 776, -43, 107
 1451, 776, -43, 108
 1452, 777, -43, 108
 1453, 777, -43, 107
 1454, 778, -43, 108
 1455, 778, -43, 107
 1456, 779, -43, 108
 1457, 779, -43, 108
 1458, 780, -43, 108
 1459, 780, -43, 70
 1460, 780, -44, 108
 1461, 781, -43, 107
 1462, 781, -43, 108
 1463, 782, -43, 107
 1464, 783, -43, 108
 1465, 783, -43, 108
 1466, 783, -43, 108
 1467, 784, -43, 108
 1468, 785, -43, 108
 1469, 785, -43, 107
 1470, 785, -43, 107
 1471, 786, -43, 108
 1472, 787, -43, 108
 1473, 787, -43, 108
 1474, 788, -43, 108
 1475, 788, -43, 108
 1476, 789, -43, 108
 1477, 789, -43, 108
 1478, 790, -43, 108
 1479, 790, -43, 108
 1480, 791, -43, 108
 1481, 791, -43, 102
 1482, 791, -43, 108
 1483, 792, -43, 108
 1484, 792, -43, 108
 1485, 793, -43, 108
 1486, 794, -43, 108
 1487, 794, -43, 107
 1488, 794, -43, 78
 1489, 795, -43, 108
 1490, 795, -43, 107
 1491, 796, -44, 108
 1492, 797, -43, 108
 1493, 797, -44, 108
 1494, 798, -43, 108
 1495, 798, -44, 107
 1496, 799, -44, 108
 1497, 799, -44, 108
 1498, 800, -44, 108
 1499, 800, -43, 108
 1500, 800, -43, 108
 1501, 801, -43, 108
 1502, 802, -43, 108
 1503, 802, -44, 108
 1504, 803, -44, 108
 1505, 803, -43, 108
 1506, 804, -44, 108
 1507, 804, -43, 108
 1508, 805, -43, 108
 1509, 805, -43, 108
 1510, 806, -43, 107
 1511, 806, -43, 108
 1512, 807, -43, 108
 1513, 807, -43, 108
 1514, 808, -43, 107
 1515, 808, -43, 107
 1516, 809, -43, 107
 1517, 809, -43, 92
 1518, 809, -43, 108
 1519, 810, -43, 108
 1520, 810, -43, 107
 1521, 811, -43, 108
 1522, 812, -43, 108
 1523, 812, -43, 89
 1524, 813, -43, 108
 1525, 813, -43, 108
 1526, 814, -43, 107
 1527, 814, -43, 108
 1528, 815, -43, 107
 1529, 815, -43, 108
 1530, 816, -43, 108
 1531, 816, -43, 107
 1532, 816, -43, 59
 1533, 817, -44, 108
 1534, 818, -44, 108
 1535, 818, -43, 108
 1536, 819, -43, 108
 1537, 819, -43, 108
 1538, 819, -43, 108
 1539, 820, -43, 108
 1540, 821, -43, 108
 1541, 821, -43, 108
 1542, 822, -43, 108
 1543, 822, -43, 108
 1544, 823, -43, 108
 1545, 823, -43, 108
 1546, 824, -43, 108
 1547, 824, -43, 108
 1548, 825, -43, 108
 1549, 825, -43, 108
 1550, 825, -43, 108
 1551, 826, -43, 108
 1552, 827, -43, 108
 1553, 827, -43, 108
 1554, 828, -43, 108
 1555, 828, -44, 108
 1556, 829, -43, 107
 1557, 829, -43, 108
 1558, 830, -43, 108
 1559, 830, -44, 107
 1560, 830, -44, 85
 1561, 831, -43, 107
 1562, 831, -43, 73
 1563, 832, -43, 108
 1564, 833, -43, 108
 1565, 833, -43, 107
 1566, 833, -43, 64
 1567, 834, -43, 108
 1568, 835, -43, 108
 1569, 835, -43, 108
 1570, 835, -43, 108
 1571, 836, -43, 108
 1572, 837, -43, 108
 1573, 837, -43, 106
 1574, 838, -43, 108
 1575, 838, -43, 108
 1576, 838, -43, 108
 1577, 839, -43, 108
 1578, 839, -43, 107
 1579, 840, -43, 108
 1580, 841, -43, 107
 1581, 841, -43, 108
 1582, 841, -43, 108
 1583, 842, -44, 108
 1584, 843, -44, 45
 1585, 843, -44, 108
 1586, 843, -44, 107
 1587, 844, -43, 108
 1588, 845, -43, 108
 1589, 845, -43, 107
 1590, 846, -43, 108
 1591, 846, -43, 108
 1592, 847, -43, 108
 1593, 847, -44, 108
 1594, 848, -43, 108
 1595, 848, -44, 108
 1596, 849, -44, 108
 1597, 849, -44, 107
 1598, 850, -44, 108
 1599, 850, -43, 108
 1600, 850, -44, 108
 1601, 851, -44, 108
 1602, 852, -43, 108
 1603, 852, -44, 108
 1604, 852, -44, 108
 1605, 853, -44, 108
 1606, 854, -44, 108
 1607, 854, -43, 107
 1608, 854, -43, 108
 1609, 855, -43, 108
 1610, 856, -43, 108
 1611, 856, -43, 108
 1612, 857, -43, 107
 1613, 857, -44, 108
 1614, 858, -43, 108
 1615, 858, -44, 108
 1616, 859, -44, 108
 1617, 859, -44, 108
 1618, 860, -44, 108
 1619, 860, -44, 108
 1620, 861, -45, 108
 1621, 861, -44, 107
 1622, 862, -45, 107
 1623, 862, -44, 108
 1624, 862, -45, 107
 1625, 863, -44, 108
 1626, 864, -45, 108
 1627, 864, -45, 107
 1628, 865, -44, 108
 1629, 865, -44, 108
 1630, 865, -44, 108
 1631, 866, -44, 108
 1632, 867, -44, 108
 1633, 867, -43, 108
 1634, 868, -43, 108
 1635, 868, -43, 108
 1636, 869, -43, 108
 1637, 869, -43, 107
 1638, 869, -43, 107
 1639, 870, -43, 108
 1640, 871, -43, 108
 1641, 871, -43, 108
 1642, 871, -43, 108
 1643, 872, -43, 108
 1644, 873, -44, 107
 1645, 873, -44, 108
 1646, 874, -45, 108
 1647, 874, -45, 108
 1648, 874, -44, 108
 1649, 875, -45, 108
 1650, 875, -44, 108
 1651, 876, -44, 108
 1652, 876, -44, 108
 1653, 877, -44, 108
 1654, 878, -43, 108
 1655, 878, -44, 108
 1656, 879, -43, 108
 1657, 879, -43, 108
 1658, 880, -43, 108
 1659, 880, -43, 108
 1660, 881, -44, 108
 1661, 881, -43, 108
 1662, 882, -44, 108
 1663, 882, -43, 108
 1664, 882, -44, 108
 1665, 883, -43, 107
 1666, 884, -43, 106
 1667, 884, -43, 107
 1668, 885, -44, 107
 1669, 885, -43, 108
 1670, 886, -43, 108
 1671, 886, -44, 108
 1672, 887, -43, 108
 1673, 887, -43, 108
 1674, 888, -43, 107
 1675, 888, -45, 108
 1676, 889, -45, 108
 1677, 889, -45, 108
 1678, 890, -43, 108
 1679, 890, -43, 108
 1680, 891, -43, 108
 1681, 891, -43, 108
 1682, 892, -43, 108
 1683, 892, -44, 108
 1684, 893, -45, 108
 1685, 893, -44, 108
 1686, 893, -44, 108
 1687, 894, -45, 107
 1688, 894, -45, 108
 1689, 895, -45, 108
 1690, 896, -45, 108
 1691, 896, -45, 108
 1692, 897, -44, 108
 1693, 897, -43, 108
 1694, 898, -43, 108
 1695, 898, -43, 108
 1696, 899, -43, 108
 1697, 899, -44, 108
 1698, 900, -43, 108
 1699, 900, -43, 108
 1700, 901, -43, 107
 1701, 901, -44, 108
 1702, 902, -43, 108
 1703, 902, -43, 108
 1704, 903, -43, 107
 1705, 903, -43, 108
 1706, 904, -44, 108
 1707, 904, -44, 108
 1708, 905, -44, 107
 1709, 905, -44, 108
 1710, 905, -43, 73
 1711, 906, -44, 107
 1712, 907, -44, 106
 1713, 907, -44, 108
 1714, 908, -44, 108
 1715, 908, -43, 107
 1716, 909, -43, 108
 1717, 909, -43, 107
 1718, 909, -43, 107
 1719, 910, -43, 108
 1720, 911, -43, 107
 1721, 911, -43, 107
 1722, 911, -43, 107
 1723, 912, -43, 107
 1724, 912, -44, 107
 1725, 913, -43, 108
 1726, 913, -43, 108
 1727, 914, -44, 108
 1728, 915, -43, 108
 1729, 915, -43, 108
 1730, 916, -43, 73
 1731, 916, -44, 108
 1732, 916, -44, 108
 1733, 917, -44, 108
 1734, 918, -45, 108
 1735, 918, -45, 108
 1736, 919, -45, 108
 1737, 919, -44, 107
 1738, 919, -44, 108
 1739, 920, -44, 108
 1740, 921, -44, 108
 1741, 921, -43, 108
 1742, 922, -44, 108
 1743, 922, -44, 108
 1744, 923, -44, 107
 1745, 923, -44, 108
 1746, 924, -44, 108
 1747, 924, -44, 108
 1748, 925, -44, 108
 1749, 925, -44, 108
 1750, 925, -44, 107
 1751, 926, -44, 108
 1752, 927, -44, 108
 1753, 927, -44, 107
 1754, 928, -44, 108
 1755, 928, -44, 108
 1756, 928, -44, 108
 1757, 929, -44, 108
 1758, 930, -44, 108
 1759, 930, -44, 108
 1760, 931, -44, 108
 1761, 931, -44, 108
 1762, 932, -44, 108
 1763, 932, -44, 108
 1764, 933, -44, 108
 1765, 933, -44, 108
 1766, 934, -44, 108
 1767, 934, -44, 108
 1768, 935, -44, 108
 1769, 935, -44, 107
 1770, 935, -44, 108
 1771, 936, -43, 108
 1772, 937, -44, 108
 1773, 937, -44, 108
 1774, 938, -43, 108
 1775, 938, -44, 108
 1776, 939, -44, 108
 1777, 939, -44, 107
 1778, 940, -44, 108
 1779, 940, -44, 108
 1780, 941, -44, 108
 1781, 941, -44, 108
 1782, 942, -44, 108
 1783, 942, -44, 108
 1784, 943, -44, 108
 1785, 943, -44, 108
 1786, 944, -44, 107
 1787, 944, -44, 108
 1788, 944, -44, 108
 1789, 945, -44, 107
 1790, 946, -44, 107
 1791, 946, -44, 108
 1792, 947, -44, 107
 1793, 947, -44, 108
 1794, 948, -44, 108
 1795, 948, -44, 108
 1796, 949, -44, 108
 1797, 949, -43, 108
 1798, 950, -44, 107
 1799, 950, -44, 108
 1800, 951, -43, 108
 1801, 951, -44, 108
 1802, 952, -43, 107
 1803, 952, -44, 108
 1804, 953, -45, 108
 1805, 953, -43, 107
 1806, 954, -45, 108
 1807, 954, -43, 108
 1808, 955, -43, 107
 1809, 955, -43, 108
 1810, 956, -43, 108
 1811, 956, -43, 107
 1812, 957, -44, 108
 1813, 957, -44, 108
 1814, 958, -44, 108
 1815, 958, -43, 108
 1816, 959, -44, 108
 1817, 959, -44, 107
 1818, 960, -44, 107
 1819, 960, -44, 108
 1820, 961, -43, 108
 1821, 961, -43, 108
 1822, 962, -44, 108
 1823, 962, -44, 108
 1824, 963, -43, 107
 1825, 963, -44, 107
 1826, 964, -44, 108
 1827, 964, -44, 107
 1828, 965, -43, 107
 1829, 965, -44, 107
 1830, 965, -44, 107
 1831, 966, -44, 108
 1832, 966, -43, 108
 1833, 967, -43, 108
 1834, 968, -43, 108
 1835, 968, -43, 107
 1836, 969, -43, 107
 1837, 969, -43, 108
 1838, 969, -44, 108
 1839, 970, -43, 108
 1840, 971, -43, 108
 1841, 971, -43, 108
 1842, 972, -43, 108
 1843, 972, -43, 108
 1844, 973, -43, 107
 1845, 973, -43, 107
 1846, 974, -43, 107
 1847, 974, -44, 108
 1848, 974, -43, 108
 1849, 975, -43, 108
 1850, 976, -43, 107
 1851, 976, -43, 108
 1852, 976, -44, 108
 1853, 977, -44, 108
 1854, 978, -44, 108
 1855, 978, -45, 107
 1856, 978, -44, 107
 1857, 979, -44, 108
 1858, 980, -44, 107
 1859, 980, -44, 108
 1860, 981, -44, 108
 1861, 981, -43, 108
 1862, 982, -44, 108
 1863, 982, -44, 108
 1864, 983, -43, 107
 1865, 983, -43, 107
 1866, 983, -44, 108
 1867, 984, -44, 108
 1868, 984, -43, 108
 1869, 985, -43, 108
 1870, 986, -44, 108
 1871, 986, -43, 108
 1872, 987, -44, 108
 1873, 987, -44, 108
 1874, 988, -44, 108
 1875, 988, -43, 108
 1876, 989, -43, 108
 1877, 989, -43, 107
 1878, 990, -43, 107
 1879, 990, -44, 107
 1880, 991, -43, 108
 1881, 991, -44, 108
 1882, 992, -44, 108
 1883, 992, -44, 108
 1884, 992, -43, 107
 1885, 993, -43, 108
 1886, 994, -43, 108
 1887, 994, -44, 108
 1888, 995, -44, 108
 1889, 995, -44, 108
 1890, 996, -44, 107
 1891, 996, -45, 107
 1892, 997, -43, 108
 1893, 997, -44, 108
 1894, 998, -43, 108
 1895, 998, -43, 54
 1896, 999, -43, 107
 1897, 999, -43, 108
 1898, 1000, -44, 108
 1899, 1000, -43, 107
 1900, 1001, -44, 108
 1901, 1001, -43, 108
 1902, 1001, -43, 108
 1903, 1002, -43, 108
 1904, 1003, -43, 108
 1905, 1003, -43, 108
 1906, 1004, -43, 107
 1907, 1004, -42, 108
 1908, 1005, -42, 107
 1909, 1005, -43, 108
 1910, 1006, -42, 108
 1911, 1006, -43, 107
 1912, 1007, -43, 107
