 6, 25, -92, 106
 7, 25, -92, 105
 8, 26, -93, 104
 9, 26, -93, 105
 10, 27, -93, 105
 11, 27, -93, 104
 12, 28, -92, 104
 13, 28, -93, 104
 14, 29, -94, 105
 15, 29, -94, 103
 16, 30, -93, 106
 17, 30, -91, 106
 18, 31, -93, 105
 19, 31, -92, 105
 20, 32, -93, 103
 21, 32, -93, 102
 22, 33, -94, 103
 23, 33, -93, 102
 24, 34, -92, 105
 25, 34, -94, 105
 26, 35, -93, 101
 27, 35, -93, 104
 28, 36, -93, 104
 29, 36, -94, 103
 30, 37, -93, 102
 31, 37, -92, 104
 32, 38, -93, 107
 33, 38, -93, 103
 34, 39, -93, 104
 35, 39, -94, 97
 36, 40, -93, 105
 37, 40, -94, 105
 38, 41, -93, 103
 39, 41, -93, 104
 40, 42, -91, 104
 41, 42, -92, 107
 42, 43, -91, 105
 43, 43, -93, 102
 44, 44, -92, 105
 45, 44, -94, 104
 46, 45, -93, 105
 47, 45, -93, 104
 48, 46, -93, 104
 49, 46, -94, 101
 50, 47, -94, 98
 51, 47, -93, 105
 52, 48, -93, 108
 53, 48, -92, 104
 54, 49, -94, 103
 55, 49, -94, 103
 56, 50, -94, 105
 57, 50, -94, 105
 58, 51, -94, 106
 59, 51, -92, 106
 60, 52, -93, 103
 61, 52, -94, 101
 62, 53, -94, 100
 63, 53, -94, 100
 64, 54, -93, 104
 65, 54, -93, 105
 66, 55, -93, 101
 67, 55, -94, 107
 68, 56, -95, 103
 69, 56, -94, 102
 70, 57, -93, 102
 71, 57, -94, 103
 72, 58, -94, 102
 73, 58, -94, 103
 74, 59, -95, 102
 75, 59, -95, 100
 76, 60, -95, 101
 77, 60, -93, 104
 78, 61, -93, 105
 79, 61, -93, 101
 80, 62, -94, 103
 81, 62, -93, 102
 82, 63, -93, 103
 83, 63, -93, 97
 84, 64, -94, 104
 85, 64, -93, 104
 86, 65, -94, 103
 87, 65, -94, 103
 88, 66, -94, 102
 89, 66, -93, 104
 90, 67, -94, 103
 91, 67, -93, 104
 92, 68, -93, 104
 93, 68, -94, 99
 94, 69, -96, 99
 95, 69, -96, 97
 96, 70, -95, 102
 97, 70, -96, 95
 98, 71, -95, 97
 99, 71, -95, 97
 100, 72, -95, 98
 101, 72, -93, 101
 102, 73, -94, 99
 103, 73, -94, 101
 104, 74, -94, 103
 105, 74, -94, 105
 106, 75, -94, 103
 107, 75, -94, 102
 108, 76, -94, 102
 109, 76, -93, 100
 110, 77, -94, 103
 111, 77, -93, 102
 112, 78, -93, 102
 113, 78, -93, 103
 114, 79, -93, 104
 115, 79, -93, 103
 116, 80, -92, 103
 117, 80, -93, 105
 118, 81, -93, 104
 119, 81, -92, 104
 120, 82, -93, 103
 121, 82, -93, 103
 122, 83, -93, 102
 123, 83, -93, 105
 124, 84, -93, 102
 125, 84, -93, 103
 126, 85, -94, 102
 127, 85, -93, 104
 128, 86, -92, 104
 129, 86, -93, 104
 130, 87, -92, 106
 131, 87, -93, 105
 132, 88, -93, 104
 133, 88, -93, 105
 134, 89, -93, 105
 135, 89, -92, 104
 136, 90, -92, 105
 137, 90, -91, 105
 138, 91, -92, 107
 139, 91, -92, 105
 140, 92, -93, 104
 141, 92, -93, 100
 142, 93, -93, 104
 143, 93, -93, 104
 144, 94, -93, 103
 145, 94, -93, 105
 146, 95, -93, 101
 147, 95, -93, 106
 148, 96, -93, 105
 149, 96, -93, 103
 150, 97, -93, 98
 151, 97, -93, 108
 152, 98, -93, 102
 153, 98, -94, 105
 154, 99, -93, 101
 155, 99, -94, 105
 156, 100, -94, 102
 157, 100, -93, 102
 158, 101, -93, 102
 159, 101, -94, 99
 160, 102, -95, 102
 161, 102, -95, 102
 162, 103, -94, 103
 163, 103, -94, 103
 164, 104, -93, 104
 165, 104, -93, 105
 166, 105, -93, 103
 167, 105, -93, 99
 168, 106, -93, 104
 169, 106, -93, 104
 170, 107, -93, 103
 171, 107, -93, 102
 172, 108, -94, 105
 173, 108, -94, 104
 174, 109, -94, 103
 175, 109, -94, 105
 176, 110, -94, 99
 177, 110, -93, 105
 178, 111, -94, 104
 179, 111, -94, 102
 180, 112, -94, 104
 181, 112, -94, 104
 182, 113, -94, 102
 183, 113, -95, 100
 184, 114, -95, 99
 185, 114, -94, 103
 186, 115, -93, 101
 187, 115, -93, 104
 188, 116, -94, 102
 189, 116, -94, 103
 190, 117, -94, 103
 191, 117, -94, 104
 192, 118, -93, 105
 193, 118, -94, 106
 194, 119, -93, 104
 195, 119, -92, 104
 196, 120, -93, 106
 197, 120, -93, 103
 198, 121, -93, 108
 199, 121, -92, 102
 200, 122, -92, 105
 201, 122, -93, 104
 202, 123, -93, 105
 203, 123, -93, 104
 204, 124, -94, 102
 205, 124, -94, 102
 206, 125, -95, 104
 207, 125, -94, 102
 208, 126, -94, 101
 209, 126, -93, 103
 210, 127, -93, 105
 211, 127, -93, 103
 212, 128, -93, 104
 213, 128, -94, 102
 214, 129, -93, 103
 215, 129, -92, 106
 216, 130, -93, 105
 217, 130, -93, 104
 218, 131, -93, 101
 219, 131, -93, 106
 220, 132, -93, 102
 221, 132, -92, 105
 222, 133, -93, 104
 223, 133, -93, 106
 224, 134, -93, 104
 225, 134, -93, 104
 226, 135, -93, 104
 227, 135, -93, 105
 228, 136, -93, 104
 229, 136, -94, 105
 230, 137, -93, 101
 231, 137, -93, 105
 232, 138, -93, 105
 233, 138, -93, 103
 234, 139, -93, 103
 235, 139, -94, 106
 236, 140, -93, 104
 237, 140, -94, 104
 238, 141, -94, 104
 239, 141, -93, 103
 240, 142, -93, 104
 241, 142, -93, 108
 242, 143, -93, 106
 243, 143, -93, 104
 244, 144, -93, 106
 245, 144, -93, 105
 246, 145, -92, 104
 247, 145, -92, 100
 248, 146, -93, 104
 249, 146, -93, 103
 250, 147, -92, 105
 251, 147, -93, 104
 252, 148, -93, 104
 253, 148, -93, 102
 254, 149, -95, 101
 255, 149, -95, 100
 256, 150, -93, 102
 257, 150, -93, 105
 258, 151, -92, 105
 259, 151, -92, 104
 260, 152, -93, 106
 261, 152, -93, 105
 262, 153, -94, 104
 263, 153, -93, 103
 264, 154, -93, 104
 265, 154, -93, 104
 266, 155, -93, 105
 267, 155, -92, 107
 268, 156, -92, 105
 269, 156, -92, 105
 270, 157, -93, 106
 271, 157, -92, 107
 272, 158, -93, 105
 273, 158, -93, 104
 274, 159, -93, 104
 275, 159, -94, 101
 276, 160, -92, 103
 277, 160, -93, 104
 278, 161, -93, 102
 279, 161, -93, 104
 280, 162, -93, 105
 281, 162, -92, 105
 282, 163, -92, 101
 283, 163, -93, 102
 284, 164, -94, 101
 285, 164, -94, 99
 286, 165, -94, 102
 287, 165, -94, 101
 288, 166, -94, 101
 289, 166, -94, 100
 290, 167, -94, 108
 291, 167, -92, 104
 292, 168, -94, 108
 293, 168, -95, 103
 294, 169, -94, 100
 295, 169, -94, 104
 296, 170, -94, 101
 297, 170, -94, 102
 298, 171, -93, 101
 299, 171, -94, 106
 300, 172, -94, 104
 301, 172, -95, 104
 302, 173, -94, 100
 303, 173, -94, 101
 304, 174, -94, 104
 305, 174, -94, 103
 306, 175, -94, 101
 307, 175, -94, 102
 308, 176, -93, 103
 309, 176, -94, 102
 310, 177, -94, 105
 311, 177, -94, 104
 312, 178, -93, 104
 313, 178, -94, 102
 314, 179, -93, 103
 315, 179, -94, 104
 316, 180, -93, 100
 317, 180, -93, 106
 318, 181, -94, 103
 319, 181, -93, 104
 320, 182, -94, 105
 321, 182, -93, 105
 322, 183, -94, 103
 323, 183, -94, 102
 324, 184, -94, 105
 325, 184, -94, 103
 326, 185, -94, 104
 327, 185, -93, 102
 328, 186, -94, 100
 329, 186, -94, 101
 330, 187, -94, 103
 331, 187, -94, 103
 332, 188, -94, 103
 333, 188, -93, 100
 334, 189, -93, 103
 335, 189, -94, 104
 336, 190, -93, 104
 337, 190, -94, 104
 338, 191, -94, 103
 339, 191, -93, 103
 340, 192, -93, 102
 341, 192, -93, 102
 342, 193, -93, 103
 343, 193, -93, 104
 344, 194, -94, 104
 345, 194, -93, 104
 346, 195, -94, 104
 347, 195, -94, 104
 348, 196, -94, 105
 349, 196, -94, 102
 350, 197, -94, 104
 351, 197, -94, 103
 352, 198, -93, 103
 353, 198, -93, 106
 354, 199, -94, 105
 355, 199, -93, 102
 356, 200, -93, 103
 357, 200, -94, 101
 358, 201, -93, 102
 359, 201, -94, 103
 360, 202, -93, 101
 361, 202, -92, 105
 362, 203, -92, 103
 363, 203, -92, 105
 364, 204, -93, 106
 365, 204, -93, 101
 366, 205, -93, 105
 367, 205, -93, 104
 368, 206, -92, 105
 369, 206, -94, 106
 370, 207, -93, 104
 371, 207, -93, 104
 372, 208, -93, 105
 373, 208, -93, 106
 374, 209, -93, 104
 375, 209, -93, 106
 376, 210, -93, 52
 377, 210, -93, 108
 378, 211, -93, 104
 379, 211, -93, 105
 380, 212, -93, 106
 381, 212, -93, 104
 382, 213, -93, 103
 383, 213, -92, 106
 384, 214, -93, 105
 385, 214, -92, 106
 386, 215, -93, 104
 387, 215, -93, 105
 388, 216, -93, 104
 389, 216, -93, 104
 390, 217, -93, 99
 391, 217, -94, 105
 392, 218, -94, 103
 393, 218, -93, 103
 394, 219, -94, 103
 395, 219, -93, 102
 396, 220, -94, 106
 397, 220, -93, 104
 398, 221, -93, 103
 399, 221, -93, 102
 400, 222, -93, 104
 401, 222, -93, 101
 402, 223, -93, 102
 403, 223, -93, 103
 404, 224, -93, 104
 405, 224, -94, 102
 406, 225, -92, 106
 407, 225, -94, 106
 408, 226, -93, 103
 409, 226, -93, 104
 410, 227, -93, 103
 411, 227, -93, 103
 412, 228, -92, 103
 413, 228, -93, 106
 414, 229, -93, 104
 415, 229, -93, 105
 416, 230, -93, 105
 417, 230, -93, 103
 418, 231, -93, 103
 419, 231, -93, 105
 420, 232, -93, 107
 421, 232, -93, 106
 422, 233, -93, 105
 423, 233, -93, 101
 424, 234, -92, 104
 425, 234, -93, 105
 426, 235, -93, 105
 427, 235, -93, 104
 428, 236, -93, 107
 429, 236, -93, 101
 430, 237, -94, 100
 431, 237, -93, 105
 432, 238, -93, 106
 433, 238, -93, 104
 434, 239, -93, 105
 435, 239, -93, 105
 436, 240, -94, 103
 437, 240, -94, 104
 438, 241, -94, 103
 439, 241, -94, 103
 440, 242, -94, 107
 441, 242, -93, 104
 442, 243, -95, 100
 443, 243, -95, 103
 444, 244, -95, 100
 445, 244, -94, 98
 446, 245, -94, 104
 447, 245, -94, 105
 448, 246, -94, 100
 449, 246, -93, 102
 450, 247, -94, 105
 451, 247, -93, 102
 452, 248, -93, 104
 453, 248, -93, 100
 454, 249, -94, 103
 455, 249, -93, 84
 456, 250, -94, 103
 457, 250, -93, 102
 458, 251, -93, 103
 459, 251, -94, 104
 460, 252, -93, 103
 461, 252, -94, 105
 462, 253, -94, 103
 463, 253, -94, 99
 464, 254, -94, 104
 465, 254, -94, 101
 466, 255, -95, 101
 467, 255, -94, 104
 468, 256, -95, 104
 469, 256, -94, 103
 470, 257, -94, 102
 471, 257, -94, 101
 472, 258, -94, 103
 473, 258, -93, 104
 474, 259, -94, 103
 475, 259, -94, 102
 476, 260, -94, 104
 477, 260, -94, 104
 478, 261, -95, 99
 479, 261, -94, 104
 480, 262, -94, 103
 481, 262, -94, 104
 482, 263, -94, 99
 483, 263, -94, 104
 484, 264, -93, 103
 485, 264, -94, 103
 486, 265, -94, 103
 487, 265, -93, 104
 488, 266, -93, 104
 489, 266, -93, 105
 490, 267, -93, 105
 491, 267, -94, 105
 492, 268, -93, 104
 493, 268, -94, 104
 494, 269, -94, 105
 495, 269, -94, 105
 496, 270, -94, 100
 497, 270, -94, 106
 498, 271, -94, 100
 499, 271, -94, 103
 500, 272, -94, 101
 501, 272, -94, 104
 502, 273, -93, 103
 503, 273, -93, 105
 504, 274, -92, 105
 505, 274, -93, 103
 506, 275, -93, 106
 507, 275, -93, 106
 508, 276, -93, 106
 509, 276, -93, 106
 510, 277, -92, 99
 511, 277, -92, 106
 512, 278, -93, 106
 513, 278, -93, 106
 514, 279, -94, 104
 515, 279, -94, 105
 516, 280, -93, 104
 517, 280, -94, 104
 518, 281, -94, 104
 519, 281, -94, 104
 520, 282, -94, 102
 521, 282, -94, 99
 522, 283, -93, 100
 523, 283, -93, 102
 524, 284, -93, 103
 525, 284, -94, 105
 526, 285, -94, 106
 527, 285, -95, 101
 528, 286, -94, 104
 529, 286, -93, 103
 530, 287, -93, 106
 531, 287, -93, 105
 532, 288, -94, 106
 533, 288, -93, 102
 534, 289, -94, 102
 535, 289, -94, 96
 536, 290, -94, 103
 537, 290, -95, 105
 538, 291, -96, 98
 539, 291, -94, 104
 540, 292, -95, 91
 541, 292, -94, 104
 542, 293, -95, 104
 543, 293, -95, 102
 544, 294, -94, 101
 545, 294, -95, 98
 546, 295, -94, 100
 547, 295, -95, 102
 548, 296, -95, 99
 549, 296, -95, 101
 550, 297, -94, 104
 551, 297, -95, 103
 552, 298, -94, 101
 553, 298, -94, 101
 554, 299, -94, 102
 555, 299, -95, 101
 556, 300, -94, 103
 557, 300, -95, 104
 558, 301, -95, 100
 559, 301, -95, 101
 560, 302, -93, 101
 561, 302, -94, 105
 562, 303, -94, 105
 563, 303, -94, 103
 564, 304, -95, 103
 565, 304, -94, 100
 566, 305, -95, 101
 567, 305, -95, 101
 568, 306, -95, 96
 569, 306, -94, 102
 570, 307, -95, 103
 571, 307, -94, 102
 572, 308, -94, 103
 573, 308, -94, 101
 574, 309, -94, 102
 575, 309, -95, 104
 576, 310, -94, 104
 577, 310, -94, 103
 578, 311, -95, 100
 579, 311, -95, 103
 580, 312, -94, 98
 581, 312, -94, 100
 582, 313, -94, 100
 583, 313, -94, 102
 584, 314, -95, 100
 585, 314, -94, 98
 586, 315, -94, 103
 587, 315, -94, 101
 588, 316, -94, 100
 589, 316, -94, 101
 590, 317, -94, 105
 591, 317, -94, 103
 592, 318, -94, 84
 593, 318, -94, 103
 594, 319, -94, 99
 595, 319, -93, 101
 596, 320, -95, 102
 597, 320, -95, 97
 598, 321, -94, 102
 599, 321, -94, 103
 600, 322, -93, 103
 601, 322, -93, 101
 602, 323, -94, 104
 603, 323, -95, 101
 604, 324, -92, 101
 605, 324, -92, 105
 606, 325, -93, 104
 607, 325, -93, 102
 608, 326, -92, 104
 609, 326, -93, 104
 610, 327, -94, 105
 611, 327, -94, 104
 612, 328, -94, 105
 613, 328, -93, 106
 614, 329, -93, 104
 615, 329, -93, 105
 616, 330, -94, 105
 617, 330, -94, 101
 618, 331, -93, 103
 619, 331, -94, 103
 620, 332, -94, 100
 621, 332, -94, 99
 622, 333, -93, 103
 623, 333, -94, 102
 624, 334, -94, 101
 625, 334, -93, 103
 626, 335, -93, 105
 627, 335, -93, 106
 628, 336, -93, 104
 629, 336, -93, 103
 630, 337, -93, 102
 631, 337, -94, 102
 632, 338, -93, 105
 633, 338, -93, 104
 634, 339, -94, 105
 635, 339, -93, 103
 636, 340, -94, 105
 637, 340, -93, 104
 638, 341, -93, 102
 639, 341, -93, 107
 640, 342, -93, 105
 641, 342, -93, 106
 642, 343, -93, 105
 643, 343, -93, 102
 644, 344, -94, 104
 645, 344, -94, 102
 646, 345, -94, 104
 647, 345, -93, 104
 648, 346, -94, 102
 649, 346, -94, 102
 650, 347, -93, 100
 651, 347, -94, 105
 652, 348, -94, 104
 653, 348, -94, 100
 654, 349, -94, 103
 655, 349, -94, 101
 656, 350, -93, 102
 657, 350, -93, 104
 658, 351, -94, 105
 659, 351, -93, 102
 660, 352, -93, 106
 661, 352, -93, 104
 662, 353, -94, 103
 663, 353, -93, 104
 664, 354, -94, 104
 665, 354, -93, 106
 666, 355, -94, 103
 667, 355, -93, 101
 668, 356, -93, 106
 669, 356, -93, 107
 670, 357, -93, 106
 671, 357, -93, 105
 672, 358, -93, 105
 673, 358, -94, 105
 674, 359, -93, 104
 675, 359, -94, 104
 676, 360, -93, 104
 677, 360, -93, 103
 678, 361, -93, 105
 679, 361, -95, 100
 680, 362, -94, 103
 681, 362, -94, 102
 682, 363, -94, 105
 683, 363, -94, 102
 684, 364, -94, 101
 685, 364, -93, 104
 686, 365, -93, 106
 687, 365, -93, 104
 688, 366, -93, 103
 689, 366, -93, 104
 690, 367, -94, 102
 691, 367, -94, 102
 692, 368, -94, 104
 693, 368, -93, 105
 694, 369, -93, 103
 695, 369, -94, 101
 696, 370, -94, 99
 697, 370, -94, 104
 698, 371, -93, 104
 699, 371, -93, 102
 700, 372, -94, 104
 701, 372, -93, 104
 702, 373, -93, 104
 703, 373, -93, 104
 704, 374, -93, 103
 705, 374, -94, 101
 706, 375, -93, 105
 707, 375, -93, 105
 708, 376, -94, 104
 709, 376, -94, 104
 710, 377, -93, 104
 711, 377, -93, 103
 712, 378, -93, 103
 713, 378, -93, 106
 714, 379, -93, 102
 715, 379, -93, 106
 716, 380, -94, 104
 717, 380, -93, 105
 718, 381, -93, 103
 719, 381, -93, 104
 720, 382, -93, 101
 721, 382, -94, 104
 722, 383, -94, 104
 723, 383, -93, 102
 724, 384, -93, 101
 725, 384, -93, 104
 726, 385, -94, 103
 727, 385, -93, 101
 728, 386, -93, 104
 729, 386, -93, 102
 730, 387, -93, 104
 731, 387, -93, 103
 732, 388, -94, 104
 733, 388, -93, 105
 734, 389, -93, 104
 735, 389, -93, 102
 736, 390, -93, 104
 737, 390, -93, 105
 738, 391, -92, 108
 739, 391, -93, 105
 740, 392, -93, 104
 741, 392, -92, 105
 742, 393, -92, 106
 743, 393, -93, 105
 744, 394, -93, 105
 745, 394, -93, 103
 746, 395, -93, 104
 747, 395, -93, 102
 748, 396, -93, 103
 749, 396, -93, 105
 750, 397, -93, 105
 751, 397, -92, 105
 752, 398, -92, 104
 753, 398, -92, 104
 754, 399, -92, 105
 755, 399, -92, 104
 756, 400, -92, 107
 757, 400, -92, 106
 758, 401, -93, 105
 759, 401, -92, 106
 760, 402, -93, 106
 761, 402, -92, 104
 762, 403, -93, 106
 763, 403, -93, 104
 764, 404, -93, 105
 765, 404, -94, 104
 766, 405, -94, 105
 767, 405, -93, 104
 768, 406, -93, 100
 769, 406, -93, 105
 770, 407, -93, 104
 771, 407, -94, 106
 772, 408, -93, 105
 773, 408, -93, 105
 774, 409, -93, 105
 775, 409, -92, 105
 776, 410, -93, 106
 777, 410, -92, 105
 778, 411, -92, 105
 779, 411, -92, 107
 780, 412, -92, 106
 781, 412, -92, 105
 782, 413, -92, 105
 783, 413, -93, 103
 784, 414, -93, 107
 785, 414, -93, 105
 786, 415, -93, 106
 787, 415, -92, 106
 788, 416, -92, 107
 789, 416, -93, 105
 790, 417, -93, 102
 791, 417, -93, 96
 792, 418, -93, 79
 793, 418, -93, 104
 794, 419, -93, 103
 795, 419, -93, 104
 796, 420, -93, 105
 797, 420, -93, 105
 798, 421, -93, 104
 799, 421, -94, 106
 800, 422, -94, 104
 801, 422, -94, 104
 802, 423, -94, 104
 803, 423, -94, 103
 804, 424, -94, 104
 805, 424, -94, 104
 806, 425, -93, 104
 807, 425, -94, 101
 808, 426, -94, 101
 809, 426, -94, 101
 810, 427, -94, 104
 811, 427, -93, 104
 812, 428, -93, 104
 813, 428, -93, 100
 814, 429, -94, 103
 815, 429, -94, 102
 816, 430, -94, 104
 817, 430, -94, 102
 818, 431, -94, 104
 819, 431, -93, 102
 820, 432, -93, 104
 821, 432, -94, 105
 822, 433, -94, 103
 823, 433, -93, 102
 824, 434, -94, 101
 825, 434, -94, 98
 826, 435, -94, 104
 827, 435, -94, 102
 828, 436, -93, 104
 829, 436, -94, 104
 830, 437, -93, 106
 831, 437, -93, 104
 832, 438, -93, 101
 833, 438, -93, 104
 834, 439, -94, 106
 835, 439, -94, 104
 836, 440, -94, 106
 837, 440, -94, 103
 838, 441, -93, 105
 839, 441, -93, 105
 840, 442, -93, 98
 841, 442, -94, 104
 842, 443, -93, 104
 843, 443, -93, 105
 844, 444, -93, 104
 845, 444, -93, 105
 846, 445, -93, 104
 847, 445, -93, 107
 848, 446, -94, 106
 849, 446, -93, 106
 850, 447, -93, 102
 851, 447, -93, 105
 852, 448, -93, 104
 853, 448, -94, 103
 854, 449, -94, 99
 855, 449, -94, 102
 856, 450, -94, 104
 857, 450, -93, 102
 858, 451, -93, 106
 859, 451, -94, 103
 860, 452, -94, 103
 861, 452, -93, 103
 862, 453, -93, 104
 863, 453, -93, 104
 864, 454, -93, 105
 865, 454, -94, 104
 866, 455, -93, 104
 867, 455, -92, 104
 868, 456, -94, 104
 869, 456, -94, 100
 870, 457, -93, 105
 871, 457, -93, 104
 872, 458, -93, 102
 873, 458, -93, 105
 874, 459, -92, 106
 875, 459, -93, 103
 876, 460, -93, 106
 877, 460, -93, 103
 878, 461, -93, 105
 879, 461, -93, 105
 880, 462, -93, 103
 881, 462, -93, 50
 882, 463, -93, 106
 883, 463, -93, 105
 884, 464, -93, 105
 885, 464, -93, 103
 886, 465, -93, 104
 887, 465, -93, 104
 888, 466, -93, 106
 889, 466, -93, 104
 890, 467, -93, 34
 891, 467, -93, 103
 892, 468, -93, 105
 893, 468, -93, 103
 894, 469, -94, 104
 895, 469, -94, 102
 896, 470, -93, 104
 897, 470, -94, 102
 898, 471, -93, 103
 899, 471, -93, 105
 900, 472, -93, 105
 901, 472, -93, 103
 902, 473, -93, 104
 903, 473, -94, 102
 904, 474, -94, 104
 905, 474, -93, 103
 906, 475, -93, 100
 907, 475, -93, 104
 908, 476, -93, 105
 909, 476, -93, 103
 910, 477, -93, 106
 911, 477, -92, 105
 912, 478, -92, 103
 913, 478, -93, 104
 914, 479, -93, 105
 915, 479, -93, 105
 916, 480, -94, 104
 917, 480, -93, 105
 918, 481, -93, 102
 919, 481, -93, 104
 920, 482, -94, 91
 921, 482, -93, 103
 922, 483, -94, 105
 923, 483, -94, 104
 924, 484, -94, 105
 925, 484, -94, 102
 926, 485, -93, 103
 927, 485, -93, 105
 928, 486, -93, 105
 929, 486, -93, 103
 930, 487, -93, 105
 931, 487, -93, 105
 932, 488, -94, 102
 933, 488, -94, 103
 934, 489, -93, 105
 935, 489, -93, 104
 936, 490, -94, 102
 937, 490, -93, 102
 938, 491, -93, 104
 939, 491, -93, 105
 940, 492, -93, 106
 941, 492, -92, 105
 942, 493, -93, 107
 943, 493, -93, 105
 944, 494, -93, 105
 945, 494, -94, 103
 946, 495, -94, 103
 947, 495, -94, 102
 948, 496, -94, 103
 949, 496, -94, 104
 950, 497, -94, 103
 951, 497, -95, 97
 952, 498, -94, 104
 953, 498, -94, 101
 954, 499, -94, 104
 955, 499, -94, 102
 956, 500, -94, 99
 957, 500, -94, 102
 958, 501, -93, 105
 959, 501, -93, 104
 960, 502, -94, 101
 961, 502, -93, 107
 962, 503, -93, 101
 963, 503, -93, 104
 964, 504, -94, 102
 965, 504, -94, 102
 966, 505, -94, 104
 967, 505, -93, 102
 968, 506, -93, 103
 969, 506, -93, 105
 970, 507, -94, 105
 971, 507, -93, 106
 972, 508, -93, 104
 973, 508, -93, 105
 974, 509, -94, 103
 975, 509, -94, 103
 976, 510, -93, 103
 977, 510, -94, 104
 978, 511, -94, 101
 979, 511, -94, 100
 980, 512, -95, 101
 981, 512, -94, 100
 982, 513, -94, 103
 983, 513, -95, 95
 984, 514, -94, 99
 985, 514, -95, 100
 986, 515, -96, 103
 987, 515, -94, 102
 988, 516, -95, 97
 989, 516, -92, 102
 990, 517, -94, 97
 991, 517, -94, 101
 992, 518, -95, 100
 993, 518, -94, 102
 994, 519, -95, 104
 995, 519, -93, 101
 996, 520, -96, 103
 997, 520, -95, 98
 998, 521, -96, 96
 999, 521, -95, 104
 1000, 522, -95, 101
 1001, 522, -95, 102
 1002, 523, -94, 101
 1003, 523, -94, 102
 1004, 524, -94, 99
 1005, 524, -94, 103
 1006, 525, -95, 98
 1007, 525, -97, 92
 1008, 526, -94, 103
 1009, 526, -94, 100
 1010, 527, -93, 103
 1011, 527, -95, 99
 1012, 528, -95, 100
 1013, 528, -94, 103
 1014, 529, -94, 104
 1015, 529, -95, 100
 1016, 530, -95, 100
 1017, 530, -95, 101
 1018, 531, -95, 99
 1019, 531, -94, 104
 1020, 532, -93, 104
 1021, 532, -94, 102
 1022, 533, -95, 99
 1023, 533, -96, 104
 1024, 534, -95, 101
 1025, 534, -93, 102
 1026, 535, -95, 101
 1027, 535, -95, 101
 1028, 536, -94, 105
 1029, 536, -94, 104
 1030, 537, -95, 99
 1031, 537, -94, 101
 1032, 538, -95, 101
 1033, 538, -94, 105
 1034, 539, -94, 99
 1035, 539, -94, 103
 1036, 540, -94, 100
 1037, 540, -94, 102
 1038, 541, -95, 100
 1039, 541, -94, 100
 1040, 542, -94, 102
 1041, 542, -94, 105
 1042, 543, -93, 104
 1043, 543, -93, 104
 1044, 544, -94, 103
 1045, 544, -93, 105
 1046, 545, -93, 105
 1047, 545, -94, 101
 1048, 546, -93, 102
 1049, 546, -93, 105
 1050, 547, -93, 104
 1051, 547, -94, 101
 1052, 548, -93, 106
 1053, 548, -93, 105
 1054, 549, -93, 105
 1055, 549, -93, 104
 1056, 550, -93, 101
 1057, 550, -93, 104
 1058, 551, -93, 104
 1059, 551, -93, 103
 1060, 552, -93, 105
 1061, 552, -93, 106
 1062, 553, -93, 104
 1063, 553, -93, 106
 1064, 554, -93, 104
 1065, 554, -94, 101
 1066, 555, -94, 105
 1067, 555, -94, 104
 1068, 556, -94, 103
 1069, 556, -94, 102
 1070, 557, -95, 100
 1071, 557, -94, 100
 1072, 558, -94, 104
 1073, 558, -94, 104
 1074, 559, -94, 104
 1075, 559, -94, 101
 1076, 560, -94, 99
 1077, 560, -94, 102
 1078, 561, -94, 103
 1079, 561, -93, 103
 1080, 562, -94, 102
 1081, 562, -94, 98
 1082, 563, -94, 103
 1083, 563, -94, 102
 1084, 564, -93, 105
 1085, 564, -94, 105
 1086, 565, -93, 106
 1087, 565, -93, 105
 1088, 566, -93, 106
 1089, 566, -93, 103
 1090, 567, -93, 103
 1091, 567, -94, 103
 1092, 568, -93, 105
 1093, 568, -94, 104
 1094, 569, -93, 104
 1095, 569, -93, 100
 1096, 570, -94, 104
 1097, 570, -94, 103
 1098, 571, -94, 103
 1099, 571, -93, 104
 1100, 572, -93, 105
 1101, 572, -93, 102
 1102, 573, -92, 104
 1103, 573, -93, 105
 1104, 574, -93, 103
 1105, 574, -93, 102
 1106, 575, -93, 102
 1107, 575, -93, 104
 1108, 576, -93, 104
 1109, 576, -94, 106
 1110, 577, -94, 104
 1111, 577, -93, 104
 1112, 578, -94, 104
 1113, 578, -94, 100
 1114, 579, -93, 104
 1115, 579, -93, 103
 1116, 580, -93, 103
 1117, 580, -94, 103
 1118, 581, -93, 104
 1119, 581, -93, 101
 1120, 582, -93, 102
 1121, 582, -93, 106
 1122, 583, -93, 91
 1123, 583, -93, 105
 1124, 584, -93, 105
 1125, 584, -93, 104
 1126, 585, -93, 103
 1127, 585, -93, 104
 1128, 586, -93, 104
 1129, 586, -93, 106
 1130, 587, -94, 104
 1131, 587, -93, 102
 1132, 588, -93, 106
 1133, 588, -93, 102
 1134, 589, -93, 104
 1135, 589, -93, 105
 1136, 590, -93, 104
 1137, 590, -93, 105
 1138, 591, -93, 106
 1139, 591, -93, 104
 1140, 592, -94, 104
 1141, 592, -94, 104
 1142, 593, -94, 108
 1143, 593, -94, 104
 1144, 594, -93, 103
 1145, 594, -93, 104
 1146, 595, -93, 104
 1147, 595, -93, 104
 1148, 596, -93, 107
 1149, 596, -93, 105
 1150, 597, -93, 104
 1151, 597, -93, 104
 1152, 598, -93, 103
 1153, 598, -93, 102
 1154, 599, -93, 103
 1155, 599, -94, 101
 1156, 600, -93, 104
 1157, 600, -93, 103
 1158, 601, -93, 105
 1159, 601, -93, 104
 1160, 602, -94, 103
 1161, 602, -94, 105
 1162, 603, -94, 104
 1163, 603, -94, 104
 1164, 604, -94, 102
 1165, 604, -93, 103
 1166, 605, -93, 106
 1167, 605, -93, 103
 1168, 606, -93, 103
 1169, 606, -93, 102
 1170, 607, -94, 103
 1171, 607, -94, 102
 1172, 608, -93, 99
 1173, 608, -94, 103
 1174, 609, -93, 104
 1175, 609, -93, 102
 1176, 610, -93, 106
 1177, 610, -93, 104
 1178, 611, -93, 104
 1179, 611, -93, 105
 1180, 612, -93, 105
 1181, 612, -93, 104
 1182, 613, -93, 106
 1183, 613, -93, 105
 1184, 614, -93, 106
 1185, 614, -93, 104
 1186, 615, -93, 105
 1187, 615, -93, 102
 1188, 616, -95, 102
 1189, 616, -94, 103
 1190, 617, -93, 101
 1191, 617, -94, 103
 1192, 618, -93, 104
 1193, 618, -93, 97
 1194, 619, -93, 103
 1195, 619, -94, 105
 1196, 620, -94, 102
 1197, 620, -94, 103
 1198, 621, -93, 104
 1199, 621, -93, 104
 1200, 622, -94, 102
 1201, 622, -94, 102
 1202, 623, -94, 104
 1203, 623, -94, 99
 1204, 624, -94, 101
 1205, 624, -94, 102
 1206, 625, -94, 104
 1207, 625, -94, 102
 1208, 626, -94, 100
 1209, 626, -94, 103
 1210, 627, -94, 104
 1211, 627, -95, 101
 1212, 628, -94, 101
 1213, 628, -94, 105
 1214, 629, -94, 104
 1215, 629, -94, 104
 1216, 630, -94, 36
 1217, 630, -94, 103
 1218, 631, -94, 97
 1219, 631, -94, 105
 1220, 632, -94, 102
 1221, 632, -94, 103
 1222, 633, -93, 98
 1223, 633, -94, 104
 1224, 634, -93, 102
 1225, 634, -94, 103
 1226, 635, -94, 103
 1227, 635, -93, 101
 1228, 636, -93, 102
 1229, 636, -93, 106
 1230, 637, -93, 98
 1231, 637, -93, 102
 1232, 638, -94, 100
 1233, 638, -94, 103
 1234, 639, -93, 105
 1235, 639, -93, 103
 1236, 640, -94, 102
 1237, 640, -94, 103
 1238, 641, -94, 102
 1239, 642, -93, 104
 1240, 642, -93, 104
 1241, 642, -93, 104
 1242, 643, -93, 105
 1243, 643, -93, 101
 1244, 644, -94, 104
 1245, 644, -93, 103
 1246, 645, -94, 105
 1247, 645, -93, 103
 1248, 646, -94, 105
 1249, 646, -93, 104
 1250, 647, -93, 102
 1251, 647, -93, 102
 1252, 648, -93, 104
 1253, 648, -94, 101
 1254, 649, -94, 97
 1255, 649, -94, 100
 1256, 650, -94, 103
 1257, 650, -93, 103
 1258, 651, -94, 91
 1259, 651, -94, 97
 1260, 652, -95, 101
 1261, 652, -93, 106
 1262, 653, -93, 104
 1263, 653, -94, 103
 1264, 654, -94, 104
 1265, 654, -94, 99
 1266, 655, -94, 103
 1267, 655, -94, 105
 1268, 656, -93, 104
 1269, 656, -94, 105
 1270, 657, -93, 101
 1271, 657, -94, 105
 1272, 658, -94, 105
 1273, 658, -94, 105
 1274, 659, -93, 105
 1275, 659, -94, 104
 1276, 660, -94, 102
 1277, 660, -93, 102
 1278, 661, -93, 105
 1279, 661, -93, 102
 1280, 662, -93, 106
 1281, 662, -93, 101
 1282, 663, -93, 105
 1283, 663, -93, 104
 1284, 664, -94, 103
 1285, 664, -94, 104
 1286, 665, -93, 105
 1287, 665, -93, 106
 1288, 666, -93, 105
 1289, 666, -93, 106
 1290, 667, -93, 104
 1291, 667, -94, 102
 1292, 668, -94, 102
 1293, 668, -93, 104
 1294, 669, -93, 105
 1295, 669, -94, 100
 1296, 670, -93, 106
 1297, 670, -93, 103
 1298, 671, -93, 106
 1299, 671, -94, 103
 1300, 672, -93, 104
 1301, 672, -93, 103
 1302, 673, -93, 105
 1303, 673, -94, 104
 1304, 674, -93, 103
 1305, 674, -94, 104
 1306, 675, -93, 102
 1307, 675, -94, 102
 1308, 676, -93, 100
 1309, 676, -94, 105
 1310, 677, -94, 103
 1311, 677, -93, 103
 1312, 678, -94, 103
 1313, 678, -93, 104
 1314, 679, -93, 105
 1315, 679, -93, 104
 1316, 680, -93, 104
 1317, 680, -94, 103
 1318, 681, -93, 106
 1319, 681, -93, 106
 1320, 682, -93, 105
 1321, 682, -93, 104
 1322, 683, -93, 104
 1323, 683, -93, 105
 1324, 684, -94, 105
 1325, 684, -93, 105
 1326, 685, -93, 106
 1327, 685, -93, 103
 1328, 686, -93, 105
 1329, 686, -93, 105
 1330, 687, -94, 100
 1331, 687, -94, 106
 1332, 688, -94, 104
 1333, 688, -95, 98
 1334, 689, -94, 104
 1335, 689, -94, 105
 1336, 690, -94, 94
 1337, 690, -94, 98
 1338, 691, -94, 102
 1339, 691, -94, 104
 1340, 692, -94, 104
 1341, 692, -94, 102
 1342, 693, -94, 104
 1343, 693, -94, 102
 1344, 694, -94, 103
 1345, 694, -94, 104
 1346, 695, -94, 101
 1347, 695, -93, 105
 0, 746, -94, 101
 1, 747, -94, 101
 2, 747, -94, 102
 3, 748, -93, 101
 4, 748, -94, 106
 5, 749, -94, 101
 6, 749, -96, 102
 7, 750, -96, 101
 8, 750, -96, 100
 9, 751, -95, 101
 10, 752, -94, 104
 11, 752, -94, 103
 12, 752, -94, 101
 13, 753, -94, 103
 14, 753, -93, 103
 15, 754, -93, 108
 16, 754, -94, 103
 17, 755, -94, 103
 18, 755, -94, 104
 19, 756, -94, 105
 20, 756, -94, 103
 21, 757, -94, 99
 22, 757, -94, 101
 23, 758, -94, 103
 24, 758, -93, 103
 25, 759, -93, 105
 26, 759, -94, 103
 27, 760, -93, 102
 28, 760, -94, 104
 29, 761, -94, 101
 30, 761, -93, 104
 31, 762, -95, 99
 33, 763, -95, 97
 34, 763, -94, 99
 35, 764, -94, 105
 36, 764, -94, 97
 37, 765, -95, 103
 38, 765, -95, 102
 39, 766, -95, 101
 40, 766, -94, 91
 41, 767, -93, 100
 42, 767, -94, 104
 43, 768, -94, 100
 44, 768, -96, 102
 45, 769, -94, 102
 46, 769, -94, 101
 47, 770, -94, 103
 48, 770, -94, 104
 49, 771, -94, 100
 50, 771, -94, 99
 51, 772, -95, 101
 52, 772, -94, 108
 53, 773, -93, 104
 54, 773, -94, 103
 55, 774, -94, 102
 56, 774, -94, 101
 57, 775, -94, 105
 58, 775, -93, 102
 59, 776, -93, 102
 61, 777, -94, 102
 62, 777, -94, 101
 63, 778, -95, 58
 64, 778, -95, 102
 65, 779, -96, 99
 66, 779, -95, 101
 67, 780, -94, 101
 68, 780, -94, 104
 69, 781, -94, 102
 70, 781, -94, 104
 71, 782, -94, 101
 72, 782, -94, 102
 73, 783, -94, 104
 74, 783, -94, 101
 75, 784, -94, 103
 76, 784, -95, 99
 77, 785, -94, 100
 78, 785, -93, 104
 79, 786, -94, 104
 80, 786, -93, 107
 81, 787, -94, 105
 82, 787, -94, 104
 83, 788, -94, 104
 84, 788, -94, 103
 85, 789, -94, 100
 86, 789, -93, 105
 87, 790, -93, 102
 88, 790, -94, 104
 89, 791, -94, 96
 90, 791, -95, 102
 91, 792, -95, 102
 92, 792, -94, 85
 93, 793, -94, 102
 94, 793, -94, 100
 95, 794, -94, 100
 96, 794, -94, 102
 97, 795, -94, 103
 98, 795, -94, 104
 99, 796, -94, 105
 100, 796, -94, 100
 101, 797, -94, 102
 102, 797, -93, 104
 103, 798, -94, 105
 104, 798, -94, 103
 105, 799, -93, 102
 106, 799, -93, 102
 107, 800, -94, 101
 108, 800, -94, 103
 109, 801, -94, 104
 110, 801, -93, 103
 111, 802, -93, 105
 112, 802, -94, 102
 113, 803, -94, 104
 114, 803, -94, 103
 115, 804, -94, 105
 116, 804, -94, 103
 117, 805, -94, 103
 118, 805, -94, 103
 119, 806, -93, 104
 120, 806, -94, 104
 121, 807, -94, 103
 122, 807, -94, 100
 123, 808, -94, 102
 124, 808, -93, 101
 125, 809, -94, 104
 126, 809, -94, 103
 127, 810, -94, 104
 128, 810, -94, 105
 129, 811, -94, 104
 130, 811, -94, 104
 131, 812, -93, 103
 132, 812, -93, 103
 133, 813, -94, 106
 134, 813, -93, 104
 135, 814, -94, 103
 136, 814, -94, 101
 137, 815, -94, 101
 138, 815, -93, 104
 139, 816, -93, 105
 140, 816, -93, 106
 141, 817, -93, 104
 142, 817, -93, 104
 143, 818, -93, 105
 144, 818, -93, 105
 145, 819, -93, 105
 146, 819, -93, 105
 147, 820, -93, 105
 148, 820, -93, 103
 149, 821, -93, 103
 150, 821, -93, 105
 151, 822, -93, 103
 152, 822, -92, 105
 153, 823, -93, 104
 154, 823, -94, 103
 155, 824, -93, 105
 156, 824, -93, 106
 157, 825, -93, 103
 158, 825, -93, 104
 159, 826, -93, 104
 160, 826, -93, 101
 161, 827, -93, 105
 162, 827, -93, 103
 163, 828, -93, 106
 164, 828, -93, 104
 165, 829, -93, 106
 166, 829, -93, 104
 167, 830, -93, 105
 168, 830, -93, 103
 169, 831, -93, 89
 170, 832, -94, 106
 171, 832, -93, 106
 172, 832, -93, 103
 173, 833, -93, 104
 174, 833, -93, 105
 175, 834, -93, 103
 176, 834, -93, 105
 177, 835, -93, 104
 178, 835, -93, 105
 179, 836, -93, 105
 180, 836, -93, 105
 181, 837, -93, 104
 182, 837, -93, 104
 183, 838, -92, 105
 184, 838, -93, 104
 185, 839, -93, 105
 186, 839, -93, 98
 187, 840, -92, 103
 188, 840, -93, 106
 189, 841, -92, 103
 190, 841, -93, 103
 191, 842, -93, 105
 192, 842, -93, 104
 193, 843, -93, 105
 194, 843, -93, 103
 195, 844, -93, 105
 196, 844, -93, 104
 197, 845, -93, 104
 198, 845, -93, 85
 199, 846, -93, 102
 200, 846, -93, 103
 201, 847, -93, 104
 202, 847, -93, 104
 203, 848, -93, 104
 204, 848, -93, 105
 205, 849, -93, 102
 206, 849, -93, 103
 207, 850, -93, 101
 208, 850, -93, 103
 209, 851, -94, 85
 210, 851, -93, 105
 211, 852, -93, 106
 212, 852, -93, 106
 213, 853, -93, 106
 214, 853, -93, 106
 215, 854, -93, 103
 216, 854, -93, 104
 217, 855, -93, 106
 218, 855, -93, 106
 219, 856, -93, 103
 220, 856, -93, 104
 221, 857, -93, 107
 222, 857, -93, 107
 223, 858, -93, 106
 224, 858, -93, 106
 225, 859, -93, 105
 226, 859, -93, 105
 227, 860, -93, 106
 228, 860, -93, 103
 229, 861, -94, 105
 230, 861, -93, 105
 231, 862, -93, 104
 232, 862, -93, 104
 233, 863, -93, 89
 234, 863, -93, 106
 235, 864, -93, 106
 236, 865, -93, 105
 237, 865, -93, 103
 238, 865, -93, 106
 239, 866, -93, 106
 240, 866, -93, 105
 241, 867, -93, 102
 242, 867, -93, 104
 243, 868, -94, 106
 244, 868, -93, 105
 245, 869, -93, 102
 246, 869, -93, 104
 247, 870, -93, 106
 248, 870, -94, 105
 249, 871, -94, 106
 250, 871, -94, 100
 251, 872, -93, 105
 252, 872, -93, 105
 253, 873, -94, 101
 254, 873, -93, 97
 255, 874, -94, 101
 256, 874, -93, 106
 257, 875, -93, 102
 258, 876, -93, 105
 259, 876, -93, 104
 260, 876, -93, 103
 261, 877, -93, 105
 262, 877, -93, 104
 263, 878, -93, 99
 264, 879, -93, 102
 265, 879, -94, 103
 266, 879, -94, 104
 267, 880, -93, 101
 268, 880, -94, 105
 269, 881, -93, 106
 270, 882, -93, 103
 271, 882, -93, 105
 272, 883, -93, 105
 273, 883, -93, 104
 274, 883, -93, 102
 275, 884, -93, 104
 276, 884, -93, 105
 277, 885, -93, 104
 278, 885, -93, 105
 279, 886, -93, 105
 280, 886, -93, 103
 281, 887, -93, 101
 282, 887, -94, 104
 283, 888, -93, 105
 284, 888, -94, 101
 285, 889, -93, 104
 286, 889, -93, 104
 287, 890, -93, 104
 288, 890, -94, 105
 289, 891, -93, 104
 290, 891, -93, 104
 291, 892, -93, 104
 292, 892, -93, 105
 293, 893, -93, 104
 294, 893, -93, 103
 295, 894, -94, 105
 296, 894, -94, 102
 297, 895, -93, 104
 298, 895, -93, 103
 299, 896, -94, 103
 300, 896, -94, 103
 301, 897, -93, 104
 302, 897, -93, 105
 303, 898, -93, 105
 304, 898, -93, 101
 305, 899, -93, 103
 306, 899, -94, 105
 307, 900, -93, 103
 308, 900, -92, 105
 309, 901, -93, 104
 310, 901, -94, 107
 311, 902, -93, 105
 312, 902, -93, 105
 313, 903, -93, 104
 314, 904, -93, 103
 315, 904, -93, 105
 316, 904, -93, 104
 317, 905, -93, 104
 318, 905, -93, 105
 319, 906, -93, 104
 320, 906, -93, 105
 321, 907, -93, 105
 322, 908, -93, 104
 323, 908, -93, 105
 324, 908, -93, 87
 325, 909, -93, 106
 326, 909, -93, 105
 327, 910, -93, 107
 328, 910, -93, 105
 329, 911, -93, 103
 330, 912, -93, 105
 331, 912, -93, 104
 332, 912, -93, 105
 333, 913, -93, 103
 334, 914, -93, 104
 335, 914, -93, 103
 336, 914, -93, 106
 337, 915, -93, 104
 338, 915, -93, 104
 339, 916, -93, 103
 340, 916, -93, 102
 341, 917, -93, 105
 342, 918, -94, 106
 343, 918, -94, 103
 344, 919, -93, 103
 345, 919, -93, 103
 346, 919, -93, 104
 347, 920, -93, 99
 348, 920, -93, 104
 349, 921, -93, 105
 350, 921, -93, 103
 351, 922, -93, 103
 352, 922, -93, 104
 353, 923, -94, 103
 354, 923, -93, 100
 355, 924, -94, 102
 356, 924, -94, 104
 357, 925, -94, 105
 358, 925, -94, 104
 359, 926, -93, 105
 360, 926, -93, 105
 361, 927, -94, 104
 362, 928, -94, 104
 363, 928, -93, 105
 364, 928, -93, 104
 365, 929, -93, 105
 366, 929, -93, 103
 367, 930, -93, 104
 368, 930, -93, 102
 369, 931, -93, 104
 370, 931, -93, 101
 371, 932, -93, 105
 372, 932, -93, 103
 373, 933, -94, 102
 374, 933, -93, 104
 375, 934, -93, 105
 376, 934, -93, 105
 377, 935, -94, 101
 378, 936, -93, 104
 379, 936, -93, 102
 380, 936, -94, 105
 381, 937, -93, 102
 382, 937, -93, 101
 383, 938, -94, 104
 384, 938, -94, 104
 385, 939, -94, 103
 386, 939, -94, 103
 387, 940, -93, 104
 388, 940, -94, 104
 389, 941, -93, 99
 390, 942, -93, 101
 391, 942, -93, 104
 392, 942, -93, 105
 393, 943, -94, 100
 394, 943, -94, 102
 395, 944, -94, 104
 396, 944, -94, 100
 397, 945, -94, 106
 398, 945, -94, 106
 399, 946, -94, 106
 400, 946, -93, 105
 401, 947, -93, 104
 402, 947, -94, 103
 403, 948, -93, 106
 404, 948, -94, 102
 405, 949, -94, 91
 406, 949, -93, 106
 407, 950, -94, 102
 408, 950, -93, 106
 409, 951, -93, 104
 410, 951, -93, 105
 411, 952, -93, 105
 412, 952, -93, 104
 413, 953, -93, 104
 414, 953, -93, 105
 415, 954, -93, 107
 416, 955, -93, 104
 417, 955, -93, 103
 418, 955, -94, 106
 419, 956, -94, 105
 420, 956, -93, 103
 421, 957, -94, 104
 422, 958, -94, 100
 423, 958, -95, 101
 424, 958, -95, 105
 425, 959, -96, 102
 426, 959, -95, 102
 427, 960, -94, 102
 428, 960, -95, 99
 429, 961, -95, 101
 430, 961, -95, 102
 431, 962, -96, 95
 432, 962, -95, 103
 433, 963, -95, 85
 434, 963, -95, 101
 435, 964, -95, 98
 436, 964, -94, 99
 437, 965, -94, 98
 438, 965, -94, 99
 439, 966, -93, 101
 440, 967, -93, 102
 441, 967, -94, 105
 442, 967, -94, 102
 443, 968, -93, 104
 444, 969, -93, 102
 445, 969, -93, 104
 446, 969, -94, 104
 447, 970, -94, 101
 448, 970, -94, 99
 449, 971, -94, 105
 450, 972, -94, 103
 451, 972, -93, 101
 452, 973, -94, 103
 453, 973, -94, 105
 454, 973, -93, 103
 455, 974, -93, 102
 456, 974, -93, 106
 457, 975, -93, 105
 458, 975, -93, 103
 459, 976, -93, 103
 460, 976, -93, 104
 461, 977, -94, 104
 462, 977, -94, 106
 463, 978, -94, 102
 464, 979, -94, 103
 465, 979, -94, 103
 466, 979, -94, 101
 467, 980, -94, 103
 468, 980, -94, 99
 469, 981, -94, 104
 470, 981, -94, 102
 471, 982, -94, 103
 472, 983, -93, 101
 473, 983, -93, 104
 474, 983, -93, 103
 475, 984, -93, 103
 476, 984, -94, 103
 477, 985, -94, 104
 478, 985, -93, 106
 479, 986, -93, 105
 480, 986, -93, 103
 481, 987, -93, 103
 482, 987, -94, 105
 483, 988, -94, 103
 484, 988, -94, 102
 485, 989, -94, 105
 486, 989, -94, 105
 487, 990, -94, 105
 488, 990, -94, 101
 489, 991, -94, 105
 490, 991, -94, 101
 491, 992, -94, 101
 492, 992, -94, 104
 493, 993, -94, 99
 494, 993, -94, 104
 495, 994, -93, 95
 496, 995, -94, 102
 497, 995, -94, 98
 498, 995, -94, 102
 499, 996, -94, 105
 500, 996, -94, 103
 501, 997, -93, 106
 502, 997, -93, 106
 503, 998, -94, 101
 504, 998, -93, 104
 505, 999, -93, 104
 506, 999, -93, 104
 507, 1000, -93, 102
 508, 1000, -93, 106
 509, 1001, -93, 104
 510, 1001, -94, 105
 511, 1002, -93, 106
 512, 1002, -94, 105
 513, 1003, -93, 100
 514, 1003, -93, 103
 515, 1004, -93, 106
 516, 1004, -93, 105
 517, 1005, -93, 103
 518, 1005, -93, 100
 519, 1006, -94, 105
 520, 1007, -93, 103
 521, 1007, -93, 99
 522, 1007, -94, 103
 523, 1008, -94, 103
 524, 1008, -94, 92
 525, 1009, -94, 103
 526, 1009, -94, 104
 527, 1010, -95, 101
 528, 1011, -94, 104
 529, 1011, -94, 101
 530, 1011, -94, 105
 531, 1012, -95, 100
 532, 1013, -95, 102
 533, 1013, -94, 103
 534, 1013, -95, 103
 535, 1014, -94, 100
 536, 1014, -95, 99
 537, 1015, -94, 104
 538, 1015, -94, 99
 539, 1016, -94, 105
 540, 1016, -95, 99
 541, 1017, -94, 104
 542, 1017, -93, 102
 543, 1018, -94, 95
 544, 1018, -94, 105
 545, 1019, -94, 104
 546, 1019, -93, 105
 547, 1020, -93, 105
 548, 1020, -93, 102
 549, 1021, -92, 106
 550, 1022, -94, 106
 551, 1022, -92, 105
 552, 1022, -93, 105
 553, 1023, -93, 104
 554, 1023, -92, 105
 555, 1024, -92, 105
 556, 1024, -94, 103
 557, 1025, -93, 103
 558, 1025, -94, 104
 559, 1026, -92, 102
 560, 1026, -95, 104
 561, 1027, -93, 100
 562, 1027, -92, 105
 563, 1028, -93, 104
 564, 1028, -94, 102
 565, 1029, -92, 104
 566, 1029, -93, 104
 567, 1030, -91, 105
 568, 1030, -92, 103
 569, 1031, -93, 106
 570, 1031, -92, 105
 571, 1032, -94, 101
 572, 1032, -93, 100
 573, 1033, -93, 104
 574, 1034, -94, 102
 575, 1034, -93, 102
 576, 1035, -93, 104
 577, 1035, -94, 105
 578, 1035, -93, 104
 579, 1036, -92, 105
 580, 1036, -92, 105
 581, 1037, -94, 103
 582, 1037, -94, 101
 583, 1038, -95, 96
 584, 1038, -93, 104
 585, 1039, -93, 100
 586, 1039, -94, 99
 587, 1040, -94, 101
 588, 1040, -94, 104
 589, 1041, -94, 100
 590, 1041, -93, 105
 591, 1042, -93, 104
 592, 1042, -92, 104
 593, 1043, -93, 106
 594, 1043, -94, 100
 595, 1044, -92, 104
 596, 1045, -93, 105
 597, 1045, -94, 101
 598, 1045, -94, 104
 599, 1046, -95, 99
 600, 1046, -94, 103
 601, 1047, -94, 100
 602, 1047, -95, 102
 603, 1048, -96, 98
 604, 1048, -95, 104
 605, 1049, -94, 102
 606, 1049, -95, 100
 607, 1050, -95, 100
 608, 1050, -95, 101
 609, 1051, -94, 98
 610, 1051, -94, 104
 611, 1052, -95, 96
 612, 1053, -95, 102
 613, 1053, -95, 101
 614, 1053, -94, 103
 615, 1054, -95, 102
 616, 1054, -94, 102
 617, 1055, -93, 102
 618, 1056, -94, 99
 619, 1056, -94, 102
 620, 1056, -93, 104
 621, 1057, -95, 102
 622, 1058, -93, 91
 623, 1058, -92, 105
 624, 1058, -94, 101
 625, 1059, -93, 103
 626, 1059, -95, 101
 627, 1060, -96, 96
 628, 1060, -94, 100
 629, 1061, -94, 101
 630, 1062, -94, 105
 631, 1062, -94, 75
 632, 1062, -94, 103
 633, 1063, -93, 101
 634, 1064, -94, 101
 635, 1064, -94, 105
 636, 1064, -93, 101
 637, 1065, -94, 99
 638, 1065, -94, 104
 639, 1066, -96, 99
 640, 1067, -96, 94
 641, 1067, -96, 102
 642, 1067, -96, 91
 643, 1068, -95, 102
 644, 1069, -94, 100
 645, 1069, -94, 102
 646, 1069, -95, 104
 647, 1070, -94, 103
 648, 1070, -96, 97
 649, 1071, -94, 103
 650, 1071, -94, 103
 651, 1072, -94, 103
 652, 1072, -94, 103
 653, 1073, -95, 100
 654, 1073, -95, 105
 655, 1074, -94, 103
 656, 1075, -95, 103
 657, 1075, -94, 96
 658, 1075, -95, 99
 659, 1076, -96, 98
 660, 1076, -94, 101
 661, 1077, -95, 99
 662, 1078, -93, 105
 663, 1078, -93, 105
 664, 1078, -92, 107
 665, 1079, -95, 102
 666, 1079, -93, 105
 667, 1080, -96, 101
 668, 1080, -93, 103
 669, 1081, -97, 98
 670, 1082, -93, 105
 671, 1082, -95, 98
 672, 1082, -93, 104
 673, 1083, -95, 101
 674, 1084, -94, 100
 675, 1084, -95, 93
 676, 1084, -95, 101
 677, 1085, -95, 99
 678, 1086, -93, 101
 679, 1086, -93, 105
 680, 1086, -94, 104
 681, 1087, -95, 98
 682, 1087, -94, 101
 683, 1088, -94, 101
 684, 1089, -95, 102
 685, 1089, -94, 102
 686, 1089, -95, 104
 687, 1090, -94, 102
 688, 1090, -96, 94
 689, 1091, -94, 105
 690, 1091, -94, 103
 691, 1092, -94, 104
 692, 1092, -95, 101
 693, 1093, -94, 103
 694, 1094, -94, 102
 695, 1094, -94, 102
 696, 1094, -94, 103
 697, 1095, -94, 105
 698, 1095, -94, 102
 699, 1096, -94, 101
 700, 1097, -94, 104
 701, 1097, -95, 100
 702, 1097, -95, 102
 703, 1098, -95, 98
 704, 1098, -95, 103
 705, 1099, -94, 102
 706, 1100, -94, 102
 707, 1100, -95, 100
 708, 1100, -95, 100
 709, 1101, -95, 103
 710, 1101, -94, 98
 711, 1102, -94, 103
 712, 1102, -94, 103
 713, 1103, -94, 103
 714, 1103, -93, 102
 715, 1104, -93, 104
 716, 1105, -93, 104
 717, 1105, -94, 104
 718, 1105, -94, 102
 719, 1106, -94, 102
 720, 1106, -93, 86
 721, 1107, -94, 101
 722, 1107, -93, 103
 723, 1108, -93, 69
 724, 1108, -93, 103
 725, 1109, -94, 105
 726, 1109, -94, 102
 727, 1110, -94, 82
 728, 1110, -94, 100
 729, 1111, -94, 104
 730, 1111, -94, 102
 731, 1112, -94, 99
 732, 1112, -94, 102
 733, 1113, -94, 101
 734, 1113, -93, 102
 735, 1114, -93, 103
 736, 1114, -93, 105
 737, 1115, -94, 102
 738, 1116, -94, 104
 739, 1116, -93, 106
 740, 1116, -93, 103
 741, 1117, -94, 104
 742, 1117, -93, 100
 743, 1118, -94, 103
 744, 1118, -94, 103
 745, 1119, -94, 104
 746, 1119, -94, 105
 747, 1120, -93, 102
 748, 1120, -94, 104
 749, 1121, -94, 103
 750, 1122, -94, 103
 751, 1122, -94, 99
 752, 1123, -94, 104
 753, 1123, -94, 102
 754, 1123, -93, 35
 755, 1124, -94, 103
 756, 1125, -94, 106
 757, 1125, -93, 106
 758, 1125, -93, 103
 759, 1126, -94, 103
 760, 1126, -94, 104
 761, 1127, -94, 59
 762, 1127, -94, 100
 763, 1128, -94, 101
 764, 1128, -94, 106
 765, 1129, -93, 103
 766, 1129, -94, 104
 767, 1130, -94, 105
 768, 1130, -93, 100
 769, 1131, -94, 104
 770, 1131, -93, 102
 771, 1132, -94, 104
 772, 1132, -93, 25
 773, 1133, -93, 103
 774, 1133, -94, 102
 775, 1134, -94, 103
 776, 1135, -94, 104
 777, 1135, -93, 104
 778, 1135, -93, 103
 779, 1136, -93, 103
 780, 1136, -93, 102
 781, 1137, -94, 104
 782, 1137, -94, 104
 783, 1138, -93, 103
 784, 1138, -94, 101
 785, 1139, -94, 104
 786, 1139, -93, 103
 787, 1140, -93, 106
 788, 1140, -94, 104
 789, 1141, -93, 102
 790, 1141, -93, 106
 791, 1142, -93, 105
 792, 1142, -94, 102
 793, 1143, -93, 103
 794, 1144, -93, 105
 795, 1144, -93, 105
 796, 1144, -93, 104
 797, 1145, -93, 104
 798, 1145, -93, 104
 799, 1146, -93, 103
 800, 1146, -93, 99
 801, 1147, -93, 103
 802, 1148, -93, 104
 803, 1148, -93, 105
 804, 1148, -93, 102
 805, 1149, -93, 104
 806, 1149, -94, 104
 807, 1150, -93, 105
 808, 1150, -93, 103
 809, 1151, -93, 103
 810, 1151, -93, 105
 811, 1152, -93, 104
 812, 1152, -93, 106
 813, 1153, -93, 104
 814, 1153, -93, 101
 815, 1154, -93, 104
 816, 1154, -94, 104
 817, 1155, -93, 104
 818, 1155, -93, 103
 819, 1156, -94, 103
 820, 1156, -93, 103
 821, 1157, -93, 102
 822, 1157, -93, 105
 823, 1158, -94, 103
 824, 1158, -93, 105
 825, 1159, -93, 101
 826, 1159, -94, 103
 827, 1160, -93, 105
 828, 1160, -93, 104
 829, 1161, -93, 101
 830, 1161, -93, 101
 831, 1162, -93, 101
 832, 1162, -94, 101
 833, 1163, -93, 104
 834, 1164, -93, 103
 835, 1164, -93, 104
 836, 1164, -93, 104
 837, 1165, -93, 104
 838, 1165, -93, 104
 839, 1166, -93, 105
 840, 1166, -93, 103
 841, 1167, -93, 105
 842, 1167, -94, 104
 843, 1168, -94, 104
 844, 1169, -93, 104
 845, 1169, -94, 101
 846, 1169, -94, 101
 847, 1170, -95, 100
 848, 1170, -95, 103
 849, 1171, -95, 98
 850, 1172, -94, 102
 851, 1172, -95, 101
 852, 1172, -94, 102
 853, 1173, -94, 104
 854, 1173, -95, 99
 855, 1174, -94, 103
 856, 1174, -94, 101
 857, 1175, -95, 99
 858, 1175, -95, 101
 859, 1176, -94, 97
 860, 1176, -94, 105
 861, 1177, -94, 105
 862, 1177, -95, 104
 863, 1178, -95, 101
 864, 1178, -94, 101
 865, 1179, -94, 102
 866, 1179, -93, 104
 867, 1180, -95, 102
 868, 1180, -95, 102
 869, 1181, -94, 98
 870, 1182, -94, 108
 871, 1182, -95, 101
 872, 1182, -94, 103
 873, 1183, -94, 101
 874, 1183, -95, 96
 875, 1184, -94, 102
 876, 1184, -94, 101
 877, 1185, -94, 101
 878, 1185, -95, 97
 879, 1186, -95, 100
 880, 1187, -94, 103
 881, 1187, -95, 56
 882, 1187, -95, 102
 883, 1188, -95, 101
 884, 1188, -95, 96
 885, 1189, -95, 98
 886, 1189, -94, 100
 887, 1190, -93, 104
 888, 1190, -94, 104
 889, 1191, -94, 105
 890, 1191, -95, 101
 891, 1192, -94, 104
 892, 1192, -94, 106
 893, 1193, -94, 104
 894, 1194, -94, 38
 895, 1194, -94, 105
 896, 1194, -93, 105
 897, 1195, -93, 105
 898, 1195, -94, 102
 899, 1196, -94, 105
 900, 1197, -94, 104
 901, 1197, -94, 101
 902, 1197, -93, 104
 903, 1198, -95, 92
 904, 1198, -95, 102
 905, 1199, -93, 104
 906, 1199, -94, 104
 907, 1200, -94, 102
 908, 1200, -94, 102
 909, 1201, -94, 100
 910, 1202, -94, 104
 911, 1202, -93, 104
 912, 1202, -94, 102
 913, 1203, -94, 104
 914, 1204, -94, 97
 915, 1204, -95, 102
 916, 1204, -94, 102
 917, 1205, -95, 99
 918, 1205, -94, 102
 919, 1206, -93, 105
 920, 1207, -94, 104
 921, 1207, -94, 104
 922, 1208, -93, 105
 923, 1208, -94, 102
 924, 1208, -94, 105
 925, 1209, -94, 104
 926, 1209, -94, 105
 927, 1210, -93, 104
 928, 1210, -94, 101
 929, 1211, -94, 99
 930, 1211, -94, 101
 931, 1212, -94, 105
 932, 1212, -93, 99
 933, 1213, -94, 105
 934, 1214, -94, 101
 935, 1214, -94, 101
 936, 1214, -93, 104
 937, 1215, -94, 104
 938, 1215, -94, 106
 939, 1216, -94, 105
 940, 1217, -94, 105
 941, 1217, -94, 100
 942, 1217, -94, 101
 943, 1218, -94, 99
 944, 1218, -93, 105
 945, 1219, -94, 69
 946, 1219, -93, 102
 947, 1220, -94, 103
 948, 1221, -94, 103
 949, 1221, -93, 103
 950, 1221, -93, 104
 951, 1222, -94, 106
 952, 1222, -93, 104
 953, 1223, -93, 101
 954, 1223, -93, 106
 955, 1224, -93, 103
 956, 1224, -93, 105
 957, 1225, -94, 106
 958, 1226, -94, 104
 959, 1226, -93, 103
 960, 1226, -93, 104
 961, 1227, -93, 106
 962, 1227, -93, 105
 963, 1228, -93, 105
 964, 1228, -93, 105
 965, 1229, -92, 104
 966, 1229, -92, 105
 967, 1230, -92, 105
 968, 1230, -93, 106
 969, 1231, -93, 105
 970, 1231, -93, 104
 971, 1232, -93, 105
 972, 1232, -93, 104
 973, 1233, -93, 103
 974, 1233, -93, 104
 975, 1234, -93, 104
 976, 1234, -94, 106
 977, 1235, -93, 105
 978, 1235, -94, 104
 979, 1236, -94, 102
 980, 1236, -94, 100
 981, 1237, -94, 104
 982, 1238, -93, 104
 983, 1238, -93, 103
 984, 1239, -94, 100
 985, 1239, -94, 102
 986, 1239, -94, 104
 987, 1240, -93, 102
 988, 1240, -94, 104
 989, 1241, -93, 90
 990, 1242, -94, 104
 991, 1242, -93, 102
 992, 1242, -93, 105
 993, 1243, -93, 103
 994, 1243, -93, 106
 995, 1244, -93, 99
 996, 1244, -93, 103
 997, 1245, -94, 104
 998, 1245, -94, 104
 999, 1246, -93, 104
 1000, 1246, -94, 104
 1001, 1247, -94, 105
 1002, 1247, -93, 102
 1003, 1248, -93, 103
 1004, 1248, -94, 98
 1005, 1249, -94, 103
 1006, 1249, -94, 106
 1007, 1250, -93, 104
 1008, 1251, -94, 101
 1009, 1251, -93, 103
 1010, 1251, -94, 104
 1011, 1252, -94, 106
 1012, 1252, -94, 104
 1013, 1253, -93, 105
 1014, 1253, -93, 103
 1015, 1254, -94, 103
 1016, 1254, -94, 104
 1017, 1255, -94, 101
 1018, 1255, -94, 103
 1019, 1256, -94, 102
 1020, 1256, -94, 105
 1021, 1257, -94, 102
 1022, 1258, -94, 93
 1023, 1258, -94, 104
 1024, 1258, -94, 105
 1025, 1259, -94, 99
 1026, 1259, -94, 103
 1027, 1260, -94, 103
 1028, 1260, -94, 102
 1029, 1261, -94, 103
 1030, 1261, -94, 104
 1031, 1262, -94, 102
 1032, 1262, -93, 102
 1033, 1263, -94, 100
 1034, 1264, -94, 102
 1035, 1264, -94, 100
 1036, 1264, -94, 100
 1037, 1265, -94, 104
 1038, 1266, -94, 99
 1039, 1266, -94, 37
 1040, 1266, -94, 103
 1041, 1267, -94, 103
 1042, 1267, -94, 104
 1043, 1268, -94, 104
 1044, 1268, -95, 102
 1045, 1269, -93, 103
 1046, 1269, -93, 101
 1047, 1270, -94, 102
 1048, 1270, -94, 104
 1049, 1271, -95, 101
 1050, 1271, -94, 102
 1051, 1272, -93, 100
 1052, 1272, -94, 105
 1053, 1273, -93, 102
 1054, 1273, -94, 103
 1055, 1274, -93, 104
 1056, 1274, -95, 103
 1057, 1275, -94, 101
 1058, 1275, -94, 105
 1059, 1276, -94, 106
 1060, 1277, -95, 102
 1061, 1277, -95, 101
 1062, 1277, -93, 103
 1063, 1278, -94, 103
 1064, 1278, -93, 102
 1065, 1279, -93, 103
 1066, 1279, -93, 104
 1067, 1280, -93, 106
 1068, 1280, -93, 103
 1069, 1281, -93, 103
 1070, 1282, -94, 103
 1071, 1282, -93, 106
 1072, 1282, -93, 104
 1073, 1283, -93, 105
 1074, 1283, -93, 105
 1075, 1284, -93, 104
 1076, 1285, -93, 101
 1077, 1285, -93, 104
 1078, 1285, -93, 101
 1079, 1286, -93, 105
 1080, 1286, -93, 104
 1081, 1287, -93, 104
 1082, 1287, -93, 103
 1083, 1288, -92, 103
 1084, 1288, -92, 103
 1085, 1289, -92, 104
 1086, 1289, -93, 105
 1087, 1290, -93, 103
 1088, 1290, -92, 105
 1089, 1291, -93, 103
 1090, 1292, -93, 104
 1091, 1292, -93, 105
 1092, 1292, -93, 104
 1093, 1293, -93, 106
 1094, 1293, -93, 104
 1095, 1294, -93, 105
 1096, 1294, -93, 105
 1097, 1295, -93, 105
 1098, 1295, -93, 105
 1099, 1296, -93, 105
 1100, 1296, -93, 103
 1101, 1297, -93, 103
 1102, 1297, -93, 107
 1103, 1298, -93, 105
 1104, 1298, -93, 99
 1105, 1299, -93, 104
 1106, 1299, -93, 104
 1107, 1300, -93, 94
 1108, 1301, -93, 103
 1109, 1301, -93, 107
 1110, 1302, -93, 104
 1111, 1302, -93, 103
 1112, 1302, -93, 104
 1113, 1303, -93, 104
 1114, 1304, -93, 105
 1115, 1304, -92, 106
 1116, 1304, -93, 106
 1117, 1305, -93, 103
 1118, 1305, -93, 104
 1119, 1306, -93, 105
 1120, 1307, -93, 106
 1121, 1307, -92, 105
 1122, 1307, -94, 104
 1123, 1308, -93, 104
 1124, 1308, -93, 105
 1125, 1309, -93, 103
 1126, 1310, -93, 107
 1127, 1310, -93, 102
 1128, 1310, -94, 104
 1129, 1311, -93, 104
 1130, 1311, -93, 106
 1131, 1312, -93, 107
 1132, 1312, -93, 103
 1133, 1313, -93, 105
 1134, 1313, -94, 102
 1135, 1314, -93, 106
 1136, 1314, -93, 103
 1137, 1315, -92, 104
 1138, 1315, -93, 106
 1139, 1316, -94, 98
 1140, 1316, -93, 105
 1141, 1317, -94, 105
 1142, 1317, -93, 102
 1143, 1318, -93, 105
 1144, 1318, -94, 102
 1145, 1319, -94, 101
 1146, 1319, -94, 101
 1147, 1320, -94, 101
 1148, 1320, -94, 98
 1149, 1321, -94, 105
 1150, 1321, -93, 103
 1151, 1322, -94, 103
 1152, 1322, -94, 101
 1153, 1323, -95, 101
 1154, 1323, -94, 102
 1155, 1324, -94, 102
 1156, 1324, -93, 101
 1157, 1325, -94, 102
 1158, 1325, -94, 104
 1159, 1326, -94, 105
 1160, 1327, -94, 102
 1161, 1327, -93, 103
 1162, 1327, -94, 104
 1163, 1328, -93, 103
 1164, 1328, -94, 103
 1165, 1329, -93, 104
 1166, 1329, -94, 100
 1167, 1330, -93, 103
 1168, 1330, -94, 99
 1169, 1331, -94, 104
 1170, 1331, -93, 104
 1171, 1332, -93, 106
 1172, 1332, -93, 104
 1173, 1333, -93, 107
 1174, 1333, -93, 102
 1175, 1334, -93, 106
 1176, 1334, -93, 105
 1177, 1335, -93, 104
 1178, 1335, -93, 104
 1179, 1336, -93, 104
 1180, 1337, -93, 105
 1181, 1337, -93, 105
 1182, 1337, -93, 104
 1183, 1338, -93, 103
 1184, 1338, -94, 101
 1185, 1339, -95, 103
 1186, 1339, -94, 105
 1187, 1340, -93, 105
 1188, 1340, -94, 103
 1189, 1341, -95, 105
 1190, 1341, -95, 102
 1191, 1342, -95, 104
 1192, 1342, -94, 98
 1193, 1343, -94, 101
 1194, 1343, -94, 97
 1195, 1344, -94, 102
 1196, 1345, -93, 104
 1197, 1345, -94, 104
 1198, 1345, -93, 89
 1199, 1346, -93, 104
 1200, 1347, -94, 100
 1201, 1347, -94, 102
 1202, 1347, -93, 103
 1203, 1348, -93, 99
 1204, 1348, -93, 101
 1205, 1349, -93, 103
 1206, 1349, -94, 105
 1207, 1350, -93, 105
 1208, 1351, -94, 55
 1209, 1351, -94, 95
 1210, 1352, -94, 91
 1211, 1352, -94, 97
 1212, 1353, -94, 104
 1213, 1353, -93, 102
 1214, 1354, -93, 99
 1215, 1354, -93, 102
 1216, 1354, -94, 103
 1217, 1355, -94, 105
 1218, 1355, -93, 105
 1219, 1356, -94, 103
 1220, 1357, -94, 102
 1221, 1357, -93, 100
 1222, 1357, -94, 103
 1223, 1358, -94, 103
 1224, 1358, -94, 105
 1225, 1359, -94, 102
 1226, 1359, -94, 99
 1227, 1360, -93, 103
 1228, 1361, -93, 104
 1229, 1361, -92, 102
 1230, 1361, -93, 103
 1231, 1362, -92, 105
 1232, 1362, -92, 106
 1233, 1363, -93, 103
 1234, 1363, -93, 104
 1235, 1364, -92, 104
 1236, 1364, -92, 102
 1237, 1365, -93, 106
 1238, 1365, -93, 105
 1239, 1366, -93, 102
 1240, 1366, -93, 105
 1241, 1367, -93, 103
 1242, 1367, -93, 101
 1243, 1368, -93, 104
 1244, 1368, -92, 105
 1245, 1369, -93, 103
 1246, 1369, -93, 106
 1247, 1370, -93, 103
 1248, 1370, -92, 104
 1249, 1371, -92, 104
 1250, 1371, -93, 72
 1251, 1372, -93, 105
 1252, 1373, -93, 104
 1253, 1373, -92, 104
 1254, 1373, -93, 104
 1255, 1374, -92, 103
 1256, 1374, -93, 105
 1257, 1375, -93, 104
 1258, 1375, -92, 104
 1259, 1376, -96, 94
 1260, 1377, -94, 103
 1261, 1377, -91, 106
 1262, 1377, -91, 103
 1263, 1378, -92, 106
 1264, 1378, -93, 106
 1265, 1379, -93, 103
 1266, 1379, -93, 107
 1267, 1380, -92, 103
 1268, 1380, -93, 105
 1269, 1381, -93, 101
 1270, 1382, -94, 103
 1271, 1382, -94, 103
 1272, 1382, -94, 102
 1273, 1383, -93, 104
 1274, 1383, -94, 102
 1275, 1384, -93, 103
 1276, 1384, -94, 104
 1277, 1385, -93, 107
 1278, 1385, -93, 105
 1279, 1386, -93, 105
 1280, 1386, -94, 102
 1281, 1387, -93, 104
 1282, 1388, -93, 105
 1283, 1388, -93, 102
 1284, 1388, -93, 104
 1285, 1389, -93, 105
 1286, 1389, -93, 104
 1287, 1390, -93, 102
 1288, 1390, -93, 102
 1289, 1391, -93, 105
 1290, 1391, -93, 102
 1291, 1392, -93, 104
 1292, 1392, -94, 102
 1293, 1393, -93, 105
 1294, 1393, -93, 103
 1295, 1394, -93, 102
 1296, 1394, -93, 101
 1297, 1395, -93, 103
 1298, 1395, -93, 106
 1299, 1396, -93, 103
 1300, 1396, -92, 100
 1301, 1397, -93, 103
 1302, 1397, -93, 101
 1303, 1398, -93, 103
 1304, 1398, -94, 102
 1305, 1399, -94, 104
 1306, 1399, -93, 104
 1307, 1400, -94, 102
 1308, 1400, -95, 93
 1309, 1401, -94, 103
 1310, 1401, -95, 101
 1311, 1402, -94, 100
 1312, 1402, -93, 102
 1313, 1403, -94, 99
 1314, 1403, -94, 101
 1315, 1404, -94, 103
 1316, 1405, -93, 98
 1317, 1405, -95, 101
 1318, 1406, -95, 103
 1319, 1406, -94, 99
 1320, 1406, -94, 103
 1321, 1407, -94, 94
 1322, 1407, -94, 105
 1323, 1408, -94, 104
 1324, 1408, -94, 103
 1325, 1409, -94, 101
 1326, 1409, -95, 100
 1327, 1410, -95, 97
 1328, 1410, -94, 99
 1329, 1411, -94, 104
 1330, 1411, -93, 100
 1331, 1412, -95, 98
 1332, 1412, -94, 102
 1333, 1413, -94, 99
 1334, 1413, -93, 103
 1335, 1414, -93, 104
 1336, 1414, -94, 98
 1337, 1415, -94, 100
 1338, 1415, -94, 98
 1339, 1416, -93, 98
 1340, 1417, -93, 100
 1341, 1417, -93, 104
 1342, 1417, -93, 102
 1343, 1418, -93, 106
 1344, 1418, -91, 106
 1345, 1419, -93, 104
 1346, 1419, -95, 101
 1347, 1420, -94, 98
 1348, 1420, -94, 97
 1349, 1421, -94, 101
 1350, 1422, -94, 102
 1351, 1422, -93, 103
 1352, 1422, -95, 100
 1353, 1423, -93, 102
 1354, 1423, -93, 95
 1355, 1424, -93, 106
 1356, 1424, -93, 104
 1357, 1425, -93, 101
 1358, 1425, -93, 103
 1359, 1426, -92, 104
 1360, 1426, -93, 106
 1361, 1427, -94, 101
 1362, 1427, -94, 104
 1363, 1428, -93, 106
 1364, 1428, -92, 105
 1365, 1429, -94, 104
 1366, 1429, -94, 105
 1367, 1430, -93, 104
 1368, 1430, -93, 105
 1369, 1431, -93, 106
 1370, 1431, -93, 103
 1371, 1432, -92, 105
 1372, 1432, -93, 105
 1373, 1433, -94, 94
 1374, 1434, -93, 105
 1375, 1434, -92, 105
 1376, 1434, -93, 106
 1377, 1435, -93, 103
 1378, 1436, -93, 104
 1379, 1436, -93, 105
 1380, 1436, -93, 104
 1381, 1437, -93, 105
 1382, 1437, -92, 103
 1383, 1438, -93, 102
 1384, 1438, -92, 105
 1385, 1439, -93, 102
 1386, 1440, -93, 106
 1387, 1440, -93, 102
 1388, 1440, -93, 99
 1389, 1441, -93, 105
 1390, 1441, -93, 104
 1391, 1442, -93, 104
 1392, 1443, -94, 104
 1393, 1443, -94, 85
 1394, 1443, -93, 103
 1395, 1444, -93, 105
 1396, 1444, -92, 103
 1397, 1445, -93, 104
 1398, 1445, -94, 104
 1399, 1446, -93, 106
 1400, 1447, -93, 104
 1401, 1447, -93, 104
 1402, 1447, -93, 99
 1403, 1448, -93, 105
 1404, 1449, -93, 103
 1405, 1449, -93, 100
 1406, 1449, -93, 104
 1407, 1450, -93, 104
 1408, 1450, -93, 104
 1409, 1451, -93, 104
 1410, 1452, -94, 106
 1411, 1452, -93, 104
 1412, 1452, -93, 105
 1413, 1453, -93, 92
 1414, 1454, -93, 103
 1415, 1454, -94, 104
 1416, 1454, -92, 106
 1417, 1455, -93, 104
 1418, 1456, -93, 41
 1419, 1456, -94, 104
 1420, 1456, -93, 105
 1421, 1457, -93, 105
 1422, 1457, -93, 104
 1423, 1458, -92, 106
 1424, 1458, -92, 106
 1425, 1459, -93, 38
 1426, 1460, -93, 106
 1427, 1460, -93, 104
 1428, 1460, -93, 104
 1429, 1461, -94, 106
 1430, 1462, -93, 106
 1431, 1462, -93, 105
 1432, 1462, -94, 102
 1433, 1463, -93, 103
 1434, 1464, -94, 104
 1435, 1464, -93, 103
 1436, 1465, -93, 103
 1437, 1465, -93, 106
 1438, 1466, -93, 104
 1439, 1466, -93, 105
 1440, 1466, -93, 105
 1441, 1467, -93, 106
 1442, 1467, -93, 103
 1443, 1468, -94, 105
 1444, 1468, -93, 105
 1445, 1469, -92, 104
 1446, 1469, -92, 106
 1447, 1470, -93, 106
 1448, 1470, -93, 104
 1449, 1471, -93, 99
 1450, 1471, -93, 104
 1451, 1472, -94, 104
 1452, 1472, -94, 106
 1453, 1473, -93, 103
 1454, 1473, -93, 105
 1455, 1474, -93, 105
 1456, 1474, -94, 106
 1457, 1475, -94, 102
 1458, 1476, -93, 106
 1459, 1476, -93, 106
 1460, 1476, -93, 105
 1461, 1477, -93, 105
 1462, 1477, -93, 106
 1463, 1478, -93, 103
 1464, 1478, -93, 104
 1465, 1479, -93, 103
 1466, 1479, -94, 104
 1467, 1480, -94, 103
 1468, 1480, -93, 102
 1469, 1481, -94, 102
 1470, 1481, -94, 104
 1471, 1482, -93, 104
 1472, 1482, -93, 105
 1473, 1483, -93, 106
 1474, 1483, -93, 103
 1475, 1484, -93, 104
 1476, 1484, -93, 105
 1477, 1485, -93, 105
 1478, 1486, -93, 102
 1479, 1486, -94, 101
 1480, 1487, -94, 101
 1481, 1487, -93, 105
 1482, 1487, -94, 103
 1483, 1488, -93, 105
 1484, 1488, -92, 106
 1485, 1489, -93, 104
 1486, 1489, -93, 104
 1487, 1490, -94, 104
 1488, 1490, -93, 104
 1489, 1491, -93, 103
 1490, 1491, -93, 105
 1491, 1492, -93, 102
 1492, 1492, -92, 105
 1493, 1493, -92, 105
 1494, 1493, -93, 105
 1495, 1494, -93, 104
 1496, 1494, -93, 103
 1497, 1495, -93, 105
 1498, 1495, -93, 105
 1499, 1496, -93, 104
 1500, 1496, -93, 103
 1501, 1497, -93, 104
 1502, 1497, -93, 101
 1503, 1498, -93, 102
 1504, 1498, -92, 105
 1505, 1499, -93, 105
 1506, 1499, -93, 104
 1507, 1500, -93, 106
 1508, 1501, -93, 107
 1509, 1501, -93, 104
 1510, 1501, -93, 106
 1511, 1502, -93, 104
 1512, 1502, -93, 102
 1513, 1503, -93, 106
 1514, 1504, -93, 103
 1515, 1504, -93, 102
 1516, 1504, -93, 105
 1517, 1505, -93, 103
 1518, 1505, -93, 106
 1519, 1506, -93, 105
 1520, 1506, -93, 103
 1521, 1507, -94, 106
 1522, 1508, -93, 103
 1523, 1508, -93, 102
 1524, 1508, -93, 105
 1525, 1509, -93, 104
 1526, 1510, -93, 103
 1527, 1510, -94, 104
 1528, 1510, -93, 106
 1529, 1511, -94, 103
 1530, 1511, -93, 53
 1531, 1512, -94, 104
 1532, 1512, -93, 105
 1533, 1513, -93, 104
 1534, 1514, -93, 106
 1535, 1514, -93, 105
 1536, 1515, -93, 105
 1537, 1515, -93, 105
 1538, 1515, -93, 105
 1539, 1516, -94, 104
 1540, 1516, -93, 104
 1541, 1517, -93, 103
 1542, 1517, -93, 104
 1543, 1518, -94, 104
 1544, 1518, -94, 105
 1545, 1519, -94, 104
 1546, 1520, -93, 103
 1547, 1520, -93, 106
 1548, 1520, -93, 101
 1549, 1521, -93, 103
 1550, 1521, -94, 100
 1551, 1522, -93, 106
 1552, 1522, -92, 103
 1553, 1523, -93, 105
 1554, 1523, -93, 105
 1555, 1524, -94, 103
 1556, 1524, -93, 105
 1557, 1525, -93, 100
 1558, 1526, -93, 104
 1559, 1526, -93, 103
 1560, 1526, -93, 105
 1561, 1527, -93, 103
 1562, 1527, -93, 101
 1563, 1528, -93, 105
 1564, 1529, -94, 104
 1565, 1529, -93, 105
 1566, 1529, -93, 106
 1567, 1530, -93, 106
 1568, 1530, -92, 103
 1569, 1531, -93, 106
 1570, 1532, -93, 104
 1571, 1532, -94, 104
 1572, 1532, -93, 105
 1573, 1533, -93, 102
 1574, 1533, -93, 105
 1575, 1534, -93, 103
 1576, 1534, -93, 103
 1577, 1535, -94, 105
 1578, 1535, -94, 101
 1579, 1536, -93, 104
 1580, 1536, -93, 101
 1581, 1537, -93, 103
 1582, 1537, -93, 105
 1583, 1538, -93, 104
 1584, 1539, -93, 104
 1585, 1539, -93, 105
 1586, 1540, -94, 103
 1587, 1540, -93, 106
 1588, 1540, -93, 103
 1589, 1541, -93, 104
 1590, 1542, -93, 101
 1591, 1542, -93, 103
 1592, 1543, -94, 103
 1593, 1543, -93, 99
 1594, 1543, -94, 102
 1595, 1544, -94, 104
 1596, 1544, -94, 106
 1597, 1545, -93, 103
 1598, 1545, -93, 100
 1599, 1546, -93, 105
 1600, 1547, -93, 104
 1601, 1547, -93, 103
 1602, 1547, -93, 103
 1603, 1548, -93, 106
 1604, 1548, -93, 106
 1605, 1549, -92, 106
 1606, 1550, -93, 104
 1607, 1550, -93, 103
 1608, 1550, -93, 106
 1609, 1551, -93, 104
 1610, 1552, -93, 105
 1611, 1552, -93, 101
 1612, 1552, -93, 105
 1613, 1553, -93, 104
 1614, 1553, -93, 104
 1615, 1554, -93, 105
 1616, 1554, -93, 103
 1617, 1555, -93, 105
 1618, 1556, -93, 105
 1619, 1556, -93, 104
 1620, 1557, -93, 102
 1621, 1557, -93, 104
 1622, 1557, -93, 104
 1623, 1558, -93, 54
 1624, 1558, -93, 105
 1625, 1559, -93, 103
 1626, 1560, -93, 105
 1627, 1560, -94, 104
 1628, 1560, -93, 106
 1629, 1561, -93, 104
 1630, 1562, -93, 106
 1631, 1562, -93, 104
 1632, 1562, -93, 105
 1633, 1563, -93, 105
 1634, 1563, -93, 103
 1635, 1564, -93, 105
 1636, 1564, -93, 98
 1637, 1565, -93, 105
 1638, 1565, -93, 101
 1639, 1566, -93, 101
 1640, 1567, -94, 104
 1641, 1567, -93, 104
 1642, 1567, -93, 100
 1643, 1568, -93, 105
 1644, 1569, -93, 104
 1645, 1569, -93, 104
 1646, 1569, -93, 106
 1647, 1570, -93, 105
 1648, 1570, -92, 102
 1649, 1571, -93, 107
 1650, 1572, -93, 103
 1651, 1572, -93, 102
 1652, 1572, -93, 104
 1653, 1573, -92, 104
 1654, 1574, -92, 106
 1655, 1574, -93, 106
 1656, 1574, -92, 105
 1657, 1575, -93, 105
 1658, 1576, -92, 107
 1659, 1576, -93, 105
 1660, 1577, -93, 103
 1661, 1577, -93, 103
 1662, 1577, -93, 105
 1663, 1578, -93, 102
 1664, 1578, -93, 105
 1665, 1579, -93, 102
 1666, 1580, -93, 105
 1667, 1580, -93, 104
 1668, 1580, -93, 105
 1669, 1581, -93, 105
 1670, 1582, -93, 106
 1671, 1582, -93, 102
 1672, 1582, -94, 102
 1673, 1583, -93, 104
 1674, 1584, -93, 103
 1675, 1584, -93, 107
 1676, 1585, -92, 105
 1677, 1585, -93, 104
 1678, 1585, -93, 103
 1679, 1586, -93, 106
 1680, 1586, -92, 105
 1681, 1587, -93, 105
 1682, 1587, -93, 106
 1683, 1588, -93, 102
 1684, 1588, -92, 106
 1685, 1589, -93, 104
 1686, 1589, -93, 106
 1687, 1590, -93, 103
 1688, 1590, -93, 102
 1689, 1591, -93, 104
 1690, 1591, -93, 104
 1691, 1592, -93, 104
 1692, 1592, -93, 105
 1693, 1593, -94, 104
 1694, 1593, -94, 103
 1695, 1594, -93, 102
 1696, 1595, -93, 105
 1697, 1595, -94, 104
 1698, 1596, -93, 103
 1699, 1596, -94, 104
 1700, 1596, -94, 105
 1701, 1597, -94, 100
 1702, 1598, -94, 104
 1703, 1598, -94, 102
 1704, 1598, -94, 104
 1705, 1599, -94, 102
 1706, 1599, -93, 105
 1707, 1600, -93, 106
 1708, 1600, -94, 104
 1709, 1601, -94, 102
 1710, 1602, -94, 102
 1711, 1602, -93, 103
 1712, 1602, -94, 103
 1713, 1603, -94, 101
 1714, 1603, -94, 104
 1715, 1604, -93, 104
 1716, 1604, -93, 106
 1717, 1605, -94, 101
 1718, 1605, -93, 105
 1719, 1606, -94, 104
 1720, 1606, -93, 103
 1721, 1607, -93, 103
 1722, 1608, -93, 104
 1723, 1608, -93, 105
 1724, 1608, -93, 101
 1725, 1609, -93, 104
 1726, 1609, -93, 102
 1727, 1610, -94, 101
 1728, 1610, -94, 102
 1729, 1611, -94, 100
 1730, 1611, -94, 102
 1731, 1612, -94, 103
 1732, 1613, -94, 98
 1733, 1613, -93, 105
 1734, 1613, -94, 92
 1735, 1614, -94, 105
 1736, 1615, -93, 105
 1737, 1615, -93, 104
 1738, 1615, -94, 104
 1739, 1616, -94, 106
 1740, 1616, -92, 104
 1741, 1617, -94, 102
 1742, 1617, -94, 104
 1743, 1618, -94, 103
 1744, 1618, -94, 102
 1745, 1619, -94, 104
 1746, 1620, -94, 102
 1747, 1620, -94, 101
 1748, 1620, -94, 103
 1749, 1621, -94, 103
 1750, 1622, -94, 104
 1751, 1622, -93, 104
 1752, 1623, -93, 104
 1753, 1623, -93, 104
 1754, 1623, -93, 104
 1755, 1624, -93, 106
 1756, 1625, -94, 105
 1757, 1625, -94, 104
 1758, 1625, -93, 104
 1759, 1626, -93, 103
 1760, 1626, -93, 103
 1761, 1627, -94, 104
 1762, 1628, -94, 103
 1763, 1628, -93, 106
 1764, 1628, -93, 106
 1765, 1629, -93, 104
 1766, 1630, -93, 102
 1767, 1630, -93, 99
 1768, 1631, -93, 104
 1769, 1631, -94, 103
 1770, 1631, -93, 106
 1771, 1632, -93, 107
 1772, 1632, -93, 104
 1773, 1633, -93, 104
 1774, 1634, -93, 107
 1775, 1634, -93, 105
 1776, 1634, -93, 101
 1777, 1635, -93, 101
 1778, 1635, -93, 105
 1779, 1636, -93, 104
 1780, 1636, -93, 104
 1781, 1637, -94, 105
 1782, 1637, -93, 106
 1783, 1638, -93, 104
 1784, 1638, -93, 103
 1785, 1639, -92, 105
 1786, 1639, -93, 104
 1787, 1640, -92, 105
 1788, 1641, -93, 105
 1789, 1641, -93, 104
 1790, 1642, -93, 103
 1791, 1642, -94, 102
 1792, 1642, -93, 106
 1793, 1643, -94, 104
 1794, 1644, -94, 99
 1795, 1644, -93, 103
 1796, 1645, -93, 103
 1797, 1645, -93, 104
 1798, 1646, -93, 105
 1799, 1646, -93, 103
 1800, 1646, -93, 102
 1801, 1647, -93, 105
 1802, 1648, -93, 104
 1803, 1648, -93, 104
 1804, 1649, -94, 105
 1805, 1649, -94, 104
 1806, 1649, -94, 103
 1807, 1650, -94, 104
 1808, 1650, -94, 105
 1809, 1651, -92, 102
 1810, 1651, -93, 104
 1811, 1652, -93, 105
 1812, 1652, -93, 104
 1813, 1653, -93, 105
 1814, 1653, -92, 104
 1815, 1654, -93, 105
 1816, 1654, -93, 103
 1817, 1655, -93, 104
 1818, 1655, -93, 104
 1819, 1656, -94, 105
 1820, 1656, -94, 104
 1821, 1657, -94, 104
 1822, 1657, -94, 103
 1823, 1658, -94, 102
 1824, 1658, -93, 104
 1825, 1659, -93, 105
 1826, 1659, -93, 104
 1827, 1660, -93, 104
 1828, 1660, -93, 103
 1829, 1661, -93, 104
 1830, 1661, -93, 105
 1831, 1662, -94, 104
 1832, 1662, -93, 105
 1833, 1663, -93, 103
 1834, 1663, -93, 100
 1835, 1664, -93, 106
 1836, 1664, -93, 104
 1837, 1665, -94, 105
 1838, 1665, -94, 101
 1839, 1666, -94, 105
 1840, 1666, -94, 101
 1841, 1667, -94, 103
 1842, 1667, -94, 104
 1843, 1668, -94, 104
 1844, 1668, -94, 97
 1845, 1669, -95, 100
 1846, 1669, -94, 98
 1847, 1670, -94, 101
 1848, 1670, -94, 99
 1849, 1671, -93, 104
 1850, 1671, -93, 104
 1851, 1672, -94, 103
 1852, 1672, -93, 105
 1853, 1673, -94, 103
 1854, 1673, -93, 105
 1855, 1674, -93, 104
 1856, 1674, -93, 103
 1857, 1675, -93, 105
 1858, 1676, -94, 106
 1859, 1676, -94, 102
 1860, 1677, -92, 106
 1861, 1677, -93, 104
 1862, 1677, -93, 98
 1863, 1678, -93, 105
 1864, 1678, -92, 105
 1865, 1679, -93, 105
 1866, 1680, -93, 104
 1867, 1680, -93, 103
 1868, 1680, -93, 104
 1869, 1681, -94, 104
 1870, 1681, -93, 103
 1871, 1682, -94, 104
 1872, 1682, -93, 104
 1873, 1683, -93, 104
 1874, 1684, -93, 103
 1875, 1684, -93, 104
 1876, 1685, -93, 104
 1877, 1685, -93, 102
 1878, 1686, -94, 104
 1879, 1686, -94, 103
 1880, 1686, -94, 102
 1881, 1687, -94, 103
 1882, 1687, -95, 102
 1883, 1688, -94, 97
 1884, 1689, -93, 100
 1885, 1689, -93, 105
 1886, 1689, -94, 104
 1887, 1690, -95, 98
 1888, 1691, -95, 102
 1889, 1691, -94, 98
 1890, 1691, -94, 101
 1891, 1692, -94, 101
 1892, 1692, -95, 101
 1893, 1693, -96, 98
 1894, 1694, -95, 98
 1895, 1694, -95, 100
 1896, 1695, -95, 98
 1897, 1695, -96, 96
 1898, 1695, -95, 100
 1899, 1696, -95, 97
 1900, 1696, -94, 104
 1901, 1697, -94, 101
 1902, 1697, -94, 102
 1903, 1698, -94, 104
 1904, 1699, -93, 105
 1905, 1699, -93, 104
 1906, 1699, -93, 100
 1907, 1700, -93, 106
 1908, 1700, -94, 106
 1909, 1701, -94, 103
 1910, 1701, -93, 105
 1911, 1702, -93, 105
 1912, 1702, -93, 101
 1913, 1703, -94, 104
 1914, 1703, -94, 102
 1915, 1704, -93, 105
 1916, 1704, -94, 104
 1917, 1705, -96, 99
 1918, 1705, -94, 104
 1919, 1706, -93, 103
 1920, 1707, -95, 105
 1921, 1707, -96, 99
 1922, 1708, -93, 96
 1923, 1708, -94, 104
 1924, 1708, -94, 104
 1925, 1709, -93, 103
 1926, 1709, -93, 104
 1927, 1710, -91, 106
 1928, 1710, -91, 105
 1929, 1711, -93, 104
 1930, 1711, -92, 105
 1931, 1712, -91, 102
 1932, 1712, -92, 102
 1933, 1713, -92, 103
 1934, 1714, -91, 103
 1935, 1714, -91, 105
 1936, 1714, -91, 106
