 20, 44, -76, 108
 21, 44, -75, 108
 22, 45, -75, 107
 23, 45, -74, 107
 24, 46, -73, 108
 25, 46, -75, 107
 26, 47, -73, 108
 27, 48, -72, 107
 28, 48, -72, 108
 29, 48, -75, 108
 30, 49, -72, 107
 31, 49, -72, 107
 32, 50, -72, 107
 33, 50, -74, 108
 34, 51, -73, 107
 35, 51, -73, 108
 36, 52, -73, 107
 37, 52, -72, 107
 38, 53, -74, 107
 39, 53, -72, 108
 40, 54, -72, 107
 41, 54, -73, 106
 42, 55, -72, 107
 43, 55, -72, 107
 44, 56, -72, 107
 45, 56, -74, 107
 46, 57, -71, 107
 47, 57, -72, 105
 48, 58, -72, 107
 49, 58, -71, 107
 50, 59, -71, 107
 51, 59, -72, 107
 52, 60, -72, 107
 53, 60, -72, 107
 54, 61, -72, 107
 55, 61, -72, 106
 56, 62, -72, 105
 57, 62, -72, 107
 58, 63, -72, 106
 59, 63, -72, 106
 60, 64, -73, 107
 61, 64, -72, 107
 62, 65, -72, 107
 63, 65, -72, 107
 64, 66, -72, 108
 65, 66, -72, 106
 66, 67, -72, 107
 67, 67, -72, 106
 68, 68, -73, 106
 69, 68, -74, 107
 70, 69, -73, 107
 71, 69, -75, 107
 72, 70, -75, 107
 73, 70, -75, 106
 74, 71, -74, 107
 75, 71, -74, 107
 76, 72, -74, 107
 77, 72, -75, 107
 78, 73, -74, 106
 79, 73, -74, 107
 80, 74, -73, 106
 81, 74, -73, 107
 82, 75, -72, 107
 83, 76, -73, 107
 84, 76, -72, 108
 85, 76, -72, 107
 86, 77, -73, 107
 87, 77, -72, 108
 88, 78, -73, 106
 89, 78, -72, 106
 90, 79, -72, 106
 91, 79, -73, 108
 92, 80, -72, 107
 93, 80, -72, 107
 94, 81, -72, 105
 95, 81, -73, 106
 96, 82, -73, 107
 97, 82, -73, 107
 98, 83, -71, 107
 99, 83, -72, 107
 100, 84, -73, 106
 101, 84, -71, 107
 102, 85, -71, 108
 103, 85, -70, 107
 104, 86, -72, 107
 105, 86, -72, 107
 106, 87, -72, 107
 107, 87, -72, 106
 108, 88, -72, 106
 109, 88, -72, 106
 110, 89, -72, 107
 111, 89, -72, 107
 112, 90, -72, 107
 113, 90, -72, 107
 114, 91, -72, 107
 115, 91, -72, 106
 116, 92, -73, 107
 117, 92, -72, 107
 118, 93, -72, 107
 119, 93, -72, 106
 120, 94, -72, 107
 121, 94, -72, 106
 122, 95, -72, 106
 123, 95, -72, 106
 124, 96, -72, 106
 125, 96, -74, 107
 126, 97, -75, 106
 127, 98, -75, 107
 128, 98, -76, 105
 129, 98, -75, 106
 130, 99, -74, 107
 131, 99, -75, 106
 132, 100, -76, 106
 133, 101, -75, 105
 134, 101, -75, 107
 135, 101, -76, 107
 136, 102, -75, 105
 137, 102, -74, 105
 138, 103, -74, 106
 139, 103, -73, 107
 140, 104, -73, 106
 141, 104, -72, 106
 142, 105, -72, 107
 143, 105, -75, 107
 144, 106, -75, 107
 145, 106, -74, 107
 146, 107, -71, 107
 147, 107, -70, 106
 148, 108, -71, 106
 149, 109, -71, 106
 150, 109, -71, 108
 151, 109, -71, 107
 152, 110, -71, 107
 153, 110, -72, 107
 154, 111, -72, 106
 155, 111, -72, 107
 156, 112, -71, 107
 157, 112, -71, 107
 158, 113, -72, 107
 159, 113, -72, 107
 160, 114, -72, 107
 161, 114, -72, 107
 162, 115, -72, 108
 163, 115, -72, 107
 164, 116, -72, 107
 165, 117, -72, 107
 166, 117, -72, 108
 167, 117, -76, 107
 168, 118, -75, 107
 169, 118, -75, 106
 170, 119, -75, 107
 171, 119, -74, 107
 172, 120, -75, 106
 173, 120, -73, 106
 174, 121, -73, 106
 175, 121, -73, 106
 176, 122, -72, 106
 177, 122, -72, 106
 178, 123, -73, 106
 179, 123, -72, 106
 180, 124, -72, 106
 181, 124, -72, 108
 182, 125, -73, 106
 183, 125, -73, 107
 184, 126, -72, 107
 185, 126, -72, 106
 186, 127, -72, 107
 187, 127, -72, 106
 188, 128, -74, 107
 189, 128, -74, 107
 190, 129, -74, 106
 191, 129, -73, 106
 192, 130, -73, 107
 193, 130, -73, 107
 194, 131, -72, 108
 195, 131, -72, 107
 196, 132, -72, 107
 197, 132, -72, 106
 198, 133, -73, 107
 199, 133, -74, 107
 200, 134, -73, 107
 201, 134, -73, 107
 202, 135, -72, 107
 203, 135, -72, 107
 204, 136, -73, 107
 205, 136, -72, 105
 206, 137, -72, 107
 207, 137, -72, 105
 208, 138, -73, 107
 209, 138, -72, 107
 210, 139, -71, 106
 211, 139, -73, 107
 212, 140, -73, 107
 213, 140, -73, 107
 214, 141, -72, 106
 215, 141, -70, 107
 216, 142, -70, 107
 217, 142, -69, 106
 218, 143, -69, 107
 219, 143, -71, 108
 220, 144, -71, 106
 221, 144, -71, 107
 222, 145, -71, 107
 223, 145, -73, 107
 224, 146, -72, 107
 0, 158, -72, 108
 1, 158, -70, 107
 2, 159, -71, 106
 3, 159, -72, 107
 4, 160, -71, 107
 5, 160, -70, 107
 6, 161, -73, 107
 7, 161, -71, 106
 8, 162, -85, 106
 9, 162, -77, 108
 10, 163, -74, 107
 11, 163, -68, 107
 12, 164, -68, 107
 13, 164, -67, 107
 14, 165, -67, 107
 15, 165, -68, 107
 16, 166, -68, 107
 17, 166, -68, 107
 18, 167, -68, 107
 19, 167, -69, 108
 20, 168, -69, 107
 21, 168, -69, 107
 22, 169, -70, 107
 23, 169, -71, 107
 24, 170, -69, 107
 25, 170, -68, 107
 26, 171, -67, 107
 27, 171, -68, 107
 28, 172, -70, 107
 29, 172, -73, 106
 30, 173, -73, 107
 31, 173, -72, 107
 32, 174, -69, 107
 33, 174, -69, 108
 34, 175, -72, 107
 35, 175, -72, 107
 36, 176, -73, 107
 37, 176, -78, 106
 38, 177, -74, 106
 39, 177, -72, 107
 40, 178, -69, 107
 41, 178, -74, 107
 42, 179, -78, 107
 43, 179, -69, 107
 44, 180, -69, 103
 45, 180, -61, 107
 46, 181, -61, 108
 47, 181, -62, 108
 48, 182, -57, 107
 49, 182, -59, 107
 50, 183, -63, 106
 51, 183, -61, 108
 52, 184, -63, 107
 53, 184, -61, 108
 54, 185, -58, 107
 55, 185, -61, 107
 56, 186, -64, 107
 57, 186, -62, 108
 58, 187, -61, 107
 59, 187, -61, 107
 60, 188, -60, 108
 61, 188, -61, 108
 62, 189, -64, 108
 63, 189, -61, 107
 64, 190, -61, 107
 65, 190, -61, 107
 66, 191, -60, 107
 67, 191, -60, 107
 68, 192, -59, 107
 69, 192, -62, 107
 70, 193, -61, 107
 71, 193, -62, 107
 72, 194, -63, 106
 73, 194, -58, 107
 74, 195, -58, 107
 75, 195, -60, 106
 76, 196, -61, 107
 77, 196, -58, 107
 78, 197, -59, 107
 79, 197, -58, 107
 80, 198, -59, 107
 81, 198, -59, 107
 82, 199, -60, 107
 83, 199, -60, 107
 84, 200, -61, 108
 85, 200, -63, 107
 86, 201, -61, 107
 87, 201, -60, 107
 88, 202, -60, 108
 89, 202, -62, 108
 90, 203, -61, 107
 91, 203, -61, 107
 92, 204, -61, 107
 93, 204, -62, 107
 94, 205, -62, 108
 95, 205, -62, 107
 96, 206, -61, 107
 97, 206, -62, 107
 98, 207, -62, 105
 99, 207, -61, 107
 100, 208, -61, 107
 101, 208, -61, 107
 102, 209, -61, 108
 103, 209, -61, 107
 104, 210, -62, 108
 105, 210, -61, 107
 106, 211, -61, 107
 107, 211, -62, 107
 108, 212, -61, 107
 109, 212, -61, 107
 110, 213, -61, 107
 111, 213, -61, 107
 112, 214, -61, 107
 113, 214, -61, 105
 114, 215, -61, 107
 115, 215, -61, 107
 116, 216, -61, 108
 117, 216, -61, 107
 118, 217, -61, 107
 119, 217, -61, 107
 120, 218, -61, 107
 121, 218, -61, 107
 122, 219, -61, 107
 123, 219, -61, 107
 124, 220, -61, 107
 125, 220, -62, 107
 126, 221, -62, 107
 127, 221, -62, 107
 128, 222, -62, 107
 129, 222, -61, 108
 130, 223, -61, 107
 131, 223, -62, 107
 132, 224, -61, 105
 133, 224, -62, 108
 134, 225, -62, 107
 135, 225, -62, 107
 136, 226, -64, 108
 137, 226, -62, 107
 138, 227, -61, 107
 139, 227, -62, 107
 140, 228, -62, 107
 141, 228, -62, 107
 142, 229, -63, 108
 143, 229, -62, 107
 144, 230, -62, 107
 145, 230, -62, 107
 146, 231, -62, 107
 147, 231, -62, 108
 148, 232, -63, 108
 149, 232, -64, 107
 150, 233, -64, 107
 151, 233, -64, 107
 152, 234, -64, 107
 153, 234, -63, 107
 154, 235, -63, 107
 155, 235, -63, 107
 156, 236, -63, 107
 157, 236, -63, 107
 158, 237, -63, 107
 159, 237, -62, 108
 160, 238, -63, 107
 161, 238, -63, 107
 162, 239, -63, 107
 163, 239, -63, 107
 164, 240, -63, 106
 165, 240, -63, 108
 166, 241, -62, 107
 167, 241, -61, 107
 168, 242, -62, 107
 169, 242, -63, 107
 170, 243, -62, 107
 171, 243, -62, 107
 172, 244, -62, 107
 173, 244, -62, 107
 174, 245, -63, 107
 175, 245, -62, 108
 176, 246, -62, 107
 177, 246, -62, 107
 178, 247, -62, 107
 179, 247, -62, 106
 180, 248, -62, 106
 181, 248, -62, 107
 182, 249, -63, 107
 183, 249, -62, 107
 184, 250, -63, 107
 185, 250, -62, 107
 186, 251, -62, 107
 187, 251, -61, 107
 188, 252, -63, 108
 189, 252, -63, 105
 190, 253, -61, 107
 191, 253, -61, 108
 192, 254, -61, 108
 193, 254, -61, 107
 194, 255, -61, 107
 195, 255, -61, 107
 196, 256, -61, 107
 197, 256, -61, 107
 198, 257, -62, 107
 199, 257, -61, 107
 200, 258, -61, 107
 201, 258, -61, 107
 202, 259, -62, 108
 203, 259, -62, 107
 204, 260, -61, 107
 205, 260, -62, 108
 206, 261, -62, 107
 207, 261, -62, 107
 208, 262, -63, 105
 209, 262, -62, 108
 210, 263, -62, 107
 211, 263, -62, 107
 212, 264, -62, 107
 213, 264, -63, 106
 214, 265, -63, 107
 215, 265, -64, 107
 216, 266, -63, 106
 217, 266, -64, 107
 218, 267, -63, 108
 219, 267, -62, 107
 220, 268, -63, 106
 221, 268, -63, 107
 222, 269, -64, 107
 223, 269, -64, 107
 224, 270, -64, 107
 225, 270, -63, 108
 226, 271, -61, 108
 227, 271, -62, 107
 228, 272, -63, 108
 229, 272, -63, 107
 230, 273, -63, 107
 231, 273, -64, 107
 232, 274, -64, 107
 233, 274, -63, 107
 234, 275, -63, 107
 235, 275, -62, 107
 236, 276, -63, 107
 237, 276, -61, 107
 238, 277, -61, 107
 239, 277, -62, 107
 240, 278, -63, 108
 241, 278, -62, 107
 242, 279, -62, 107
 243, 279, -61, 107
 244, 280, -61, 108
 245, 280, -61, 106
 246, 281, -62, 107
 247, 281, -62, 107
 248, 282, -61, 108
 249, 282, -61, 107
 250, 283, -61, 107
 251, 283, -61, 107
 252, 284, -62, 107
 253, 284, -62, 107
 254, 285, -63, 107
 255, 285, -64, 107
 256, 286, -64, 108
 257, 286, -64, 107
 258, 287, -64, 107
 259, 287, -64, 106
 260, 288, -64, 107
 261, 288, -64, 108
 262, 289, -64, 108
 263, 289, -63, 108
 264, 290, -63, 108
 265, 290, -64, 108
 266, 291, -64, 107
 267, 291, -64, 107
 268, 292, -64, 108
 269, 292, -64, 107
 270, 293, -64, 107
 271, 293, -64, 107
 272, 294, -63, 108
 273, 294, -63, 106
 274, 295, -62, 107
 275, 295, -61, 107
 276, 296, -61, 107
 277, 296, -61, 107
 278, 297, -61, 107
 279, 297, -61, 107
 280, 298, -62, 107
 281, 298, -61, 107
 282, 299, -61, 108
 283, 299, -62, 108
 284, 300, -62, 108
 285, 300, -62, 107
 286, 301, -62, 107
 287, 301, -62, 107
 288, 302, -61, 107
 289, 302, -61, 107
 290, 303, -63, 106
 291, 303, -61, 107
 292, 304, -63, 107
 293, 304, -63, 107
 294, 305, -63, 108
 295, 305, -63, 107
 296, 306, -62, 107
 297, 306, -64, 108
 298, 307, -63, 107
 299, 307, -63, 108
 300, 308, -63, 107
 301, 308, -63, 107
 302, 309, -63, 107
 303, 309, -63, 107
 304, 310, -64, 108
 305, 310, -64, 108
 306, 311, -63, 108
 307, 311, -63, 107
 308, 312, -63, 107
 309, 312, -63, 107
 310, 313, -62, 107
 311, 313, -62, 107
 312, 314, -61, 108
 313, 314, -62, 107
 314, 315, -61, 108
 315, 315, -62, 107
 316, 316, -64, 107
 317, 316, -63, 107
 318, 317, -62, 107
 319, 317, -63, 107
 320, 318, -63, 107
 321, 318, -63, 107
 322, 319, -62, 107
 323, 319, -61, 108
 324, 320, -61, 107
 325, 320, -61, 107
 326, 321, -62, 107
 327, 321, -63, 108
 328, 322, -63, 108
 329, 322, -62, 107
 330, 323, -63, 108
 331, 323, -62, 108
 332, 324, -63, 107
 333, 324, -63, 108
 334, 325, -62, 107
 335, 325, -61, 107
 336, 326, -62, 107
 337, 326, -63, 108
 338, 327, -62, 106
 339, 327, -63, 106
 340, 328, -63, 108
 341, 328, -62, 107
 342, 329, -63, 107
 343, 329, -63, 107
 344, 330, -64, 108
 345, 330, -64, 108
 346, 331, -63, 108
 347, 331, -64, 107
 348, 332, -64, 108
 349, 332, -64, 108
 350, 333, -63, 107
 351, 333, -64, 106
 352, 334, -64, 107
 353, 334, -64, 107
 354, 335, -63, 107
 355, 335, -63, 108
 356, 336, -63, 107
 357, 336, -63, 107
 358, 337, -63, 106
 359, 337, -63, 107
 360, 338, -64, 108
 361, 338, -63, 107
 362, 339, -64, 107
 363, 339, -63, 107
 364, 340, -63, 107
 365, 340, -63, 107
 366, 341, -64, 107
 367, 341, -64, 107
 368, 342, -64, 107
 369, 342, -63, 107
 370, 343, -63, 107
 371, 343, -64, 107
 372, 344, -64, 106
 373, 344, -63, 107
 374, 345, -63, 107
 375, 345, -63, 106
 376, 346, -63, 107
 377, 346, -63, 107
 378, 347, -63, 107
 379, 347, -63, 107
 380, 348, -63, 107
 381, 348, -63, 107
 382, 349, -63, 107
 383, 349, -63, 107
 384, 350, -62, 107
 385, 350, -62, 108
 386, 351, -62, 108
 387, 351, -62, 107
 388, 352, -62, 107
 389, 352, -63, 107
 390, 353, -62, 106
 391, 353, -62, 107
 392, 354, -62, 108
 393, 354, -62, 107
 394, 355, -62, 107
 395, 355, -61, 107
 396, 356, -62, 107
 397, 356, -61, 107
 398, 357, -61, 107
 399, 357, -62, 107
 400, 358, -62, 108
 401, 358, -61, 107
 402, 359, -61, 106
 403, 359, -62, 106
 404, 360, -61, 105
 405, 360, -61, 107
 406, 361, -62, 108
 407, 361, -62, 106
 408, 362, -63, 107
 409, 362, -63, 107
 410, 363, -62, 107
 411, 363, -61, 107
 412, 364, -61, 107
 413, 364, -63, 107
 414, 365, -63, 107
 415, 365, -63, 108
 416, 366, -62, 107
 417, 366, -63, 107
 418, 367, -62, 107
 419, 367, -62, 108
 420, 368, -63, 107
 421, 368, -63, 108
 422, 369, -63, 107
 423, 369, -61, 108
 424, 370, -61, 107
 425, 370, -61, 107
 426, 371, -62, 107
 427, 371, -64, 107
 428, 372, -61, 107
 429, 372, -63, 107
 430, 373, -61, 107
 431, 373, -61, 108
 432, 374, -62, 107
 433, 374, -62, 107
 434, 375, -62, 107
 435, 375, -62, 108
 436, 376, -63, 100
 437, 376, -62, 107
 438, 377, -62, 107
 439, 377, -63, 108
 440, 378, -63, 108
 441, 378, -63, 108
 442, 379, -63, 107
 443, 379, -63, 108
 444, 380, -63, 108
 445, 380, -63, 107
 446, 381, -63, 108
 447, 381, -63, 108
 448, 382, -62, 107
 449, 382, -62, 107
 450, 383, -61, 107
 451, 383, -62, 107
 452, 384, -61, 107
 453, 384, -62, 107
 454, 385, -61, 107
 455, 385, -62, 108
 456, 386, -62, 108
 457, 386, -61, 108
 458, 387, -62, 107
 459, 387, -62, 107
 460, 388, -63, 107
 461, 388, -62, 107
 462, 389, -63, 107
 463, 389, -63, 107
 464, 390, -63, 107
 465, 390, -63, 107
 466, 391, -63, 107
 467, 391, -64, 108
 468, 392, -63, 108
 469, 392, -64, 107
 470, 393, -64, 107
 471, 393, -64, 108
 472, 394, -64, 108
 473, 394, -63, 108
 474, 395, -64, 108
 475, 395, -63, 107
 476, 396, -64, 107
 477, 396, -65, 107
 478, 397, -64, 108
 479, 397, -64, 107
 480, 398, -64, 108
 481, 398, -64, 107
 482, 399, -64, 107
 483, 399, -64, 107
 484, 400, -64, 107
 485, 400, -62, 108
 486, 401, -64, 107
 487, 401, -65, 107
 488, 402, -63, 107
 489, 402, -63, 107
 490, 403, -63, 107
 491, 403, -63, 108
 492, 404, -64, 107
 493, 404, -63, 108
 494, 405, -63, 108
 495, 405, -62, 107
 496, 406, -62, 107
 497, 406, -62, 107
 498, 407, -62, 107
 499, 407, -62, 107
 500, 408, -61, 108
 501, 408, -61, 107
 502, 409, -62, 107
 503, 409, -62, 107
 504, 410, -61, 107
 505, 410, -62, 107
 506, 411, -62, 107
 507, 411, -61, 107
 508, 412, -62, 108
 509, 412, -62, 108
 510, 413, -62, 106
 511, 413, -62, 107
 512, 414, -62, 108
 513, 414, -62, 107
 514, 415, -62, 108
 515, 415, -62, 107
 516, 416, -62, 107
 517, 416, -61, 107
 518, 417, -62, 107
 519, 417, -62, 108
 520, 418, -63, 107
 521, 418, -63, 107
 522, 419, -63, 108
 523, 419, -63, 107
 524, 420, -63, 107
 525, 420, -63, 107
 526, 421, -63, 107
 527, 421, -63, 107
 528, 422, -62, 107
 529, 422, -63, 107
 530, 423, -63, 107
 531, 423, -63, 108
 532, 424, -62, 107
 533, 424, -62, 107
 534, 425, -63, 107
 535, 425, -62, 107
 536, 426, -63, 107
 537, 426, -62, 108
 538, 427, -63, 107
 539, 427, -63, 108
 540, 428, -63, 107
 541, 428, -63, 108
 542, 429, -62, 106
 543, 429, -62, 107
 544, 430, -62, 107
 545, 430, -64, 107
 546, 431, -61, 108
 547, 431, -61, 107
 548, 432, -61, 108
 549, 432, -61, 107
 550, 433, -61, 108
 551, 433, -61, 107
 552, 434, -61, 107
 553, 434, -61, 107
 554, 435, -61, 107
 555, 435, -61, 106
 556, 436, -61, 106
 557, 436, -61, 108
 558, 437, -60, 107
 559, 437, -61, 108
 560, 438, -60, 107
 561, 438, -61, 107
 562, 439, -62, 104
 563, 439, -61, 107
 564, 440, -62, 106
 565, 440, -61, 108
 566, 441, -62, 107
 567, 441, -60, 106
 568, 442, -61, 108
 569, 442, -62, 108
 570, 443, -62, 107
 571, 443, -62, 107
 572, 444, -62, 107
 573, 444, -63, 108
 574, 445, -62, 108
 575, 445, -61, 107
 576, 446, -61, 108
 577, 446, -62, 107
 578, 447, -61, 105
 579, 447, -61, 107
 580, 448, -62, 106
 581, 448, -62, 108
 582, 449, -61, 107
 583, 449, -62, 107
 584, 450, -62, 107
 585, 450, -61, 107
 586, 451, -61, 107
 587, 451, -61, 107
 588, 452, -61, 107
 589, 452, -61, 107
 590, 453, -61, 107
 591, 453, -61, 108
 592, 454, -61, 106
 593, 454, -61, 108
 594, 455, -61, 107
 595, 455, -61, 107
 596, 456, -63, 106
 597, 456, -63, 107
 598, 457, -63, 108
 599, 457, -63, 107
 600, 458, -62, 108
 601, 458, -63, 107
 602, 459, -62, 107
 603, 459, -62, 108
 604, 460, -63, 108
 605, 460, -62, 107
 606, 461, -63, 107
 607, 461, -63, 107
 608, 462, -62, 107
 609, 462, -63, 107
 610, 463, -62, 107
 611, 463, -63, 108
 612, 464, -62, 107
 613, 464, -62, 107
 614, 465, -62, 107
 615, 465, -62, 107
 616, 466, -63, 107
 617, 466, -62, 107
 618, 467, -62, 107
 619, 467, -62, 107
 620, 468, -62, 108
 621, 468, -63, 108
 622, 469, -63, 107
 623, 469, -63, 107
 624, 470, -63, 108
 625, 470, -62, 107
 626, 471, -61, 107
 627, 471, -61, 107
 628, 472, -62, 107
 629, 472, -62, 108
 630, 473, -62, 107
 631, 473, -61, 107
 632, 474, -61, 107
 633, 474, -62, 107
 634, 475, -62, 107
 635, 475, -61, 107
 636, 476, -63, 107
 637, 476, -63, 106
 638, 477, -63, 107
 639, 477, -63, 107
 640, 478, -62, 107
 641, 478, -62, 108
 642, 479, -62, 107
 643, 479, -61, 107
 644, 480, -61, 107
 645, 480, -61, 107
 646, 481, -61, 107
 647, 481, -61, 107
 648, 482, -61, 107
 649, 482, -61, 108
 650, 483, -61, 107
 651, 483, -62, 107
 652, 484, -62, 107
 653, 484, -63, 107
 654, 485, -62, 107
 655, 485, -62, 107
 656, 486, -62, 106
 657, 486, -63, 107
 658, 487, -62, 107
 659, 487, -62, 107
 660, 488, -63, 107
 661, 488, -62, 107
 662, 489, -63, 108
 663, 489, -62, 107
 664, 490, -63, 108
 665, 490, -64, 107
 666, 491, -64, 108
 667, 491, -64, 107
 668, 492, -63, 107
 669, 492, -63, 107
 670, 493, -63, 107
 671, 493, -64, 107
 672, 494, -63, 108
 673, 494, -62, 107
 674, 495, -62, 107
 675, 495, -62, 107
 676, 496, -63, 107
 677, 496, -62, 107
 678, 497, -62, 108
 679, 497, -62, 107
 680, 498, -62, 107
 681, 498, -62, 106
 682, 499, -62, 107
 683, 499, -62, 106
 684, 500, -62, 107
 685, 500, -62, 107
 686, 501, -63, 107
 687, 501, -63, 107
 688, 502, -63, 106
 689, 502, -63, 107
 690, 503, -63, 107
 691, 503, -63, 107
 692, 504, -63, 107
 693, 504, -62, 107
 694, 505, -61, 107
 695, 505, -63, 108
 696, 506, -63, 106
 697, 506, -63, 107
 698, 507, -61, 106
 699, 507, -62, 107
 700, 508, -62, 107
 701, 508, -63, 107
 702, 509, -61, 108
 703, 509, -63, 107
 704, 510, -63, 107
 705, 510, -63, 108
 706, 511, -63, 108
 707, 511, -63, 107
 708, 512, -63, 108
 709, 512, -63, 107
 710, 513, -63, 107
 711, 513, -63, 107
 712, 514, -63, 108
 713, 514, -63, 107
 714, 515, -63, 107
 715, 515, -63, 106
 716, 516, -63, 106
 717, 516, -63, 107
 718, 517, -63, 107
 719, 517, -63, 107
 720, 518, -63, 52
 721, 518, -63, 107
 722, 519, -63, 107
 723, 519, -63, 107
 724, 520, -63, 107
 725, 520, -63, 106
 726, 521, -63, 106
 727, 521, -63, 107
 728, 522, -63, 107
 729, 522, -63, 107
 730, 523, -64, 107
 731, 523, -63, 107
 732, 524, -63, 107
 733, 524, -63, 107
 734, 525, -63, 107
 735, 525, -63, 107
 736, 526, -63, 106
 737, 526, -63, 107
 738, 527, -63, 108
 739, 527, -63, 107
 740, 528, -63, 107
 741, 528, -63, 107
 742, 529, -63, 108
 743, 529, -63, 107
 744, 530, -61, 108
 745, 530, -63, 107
 746, 531, -62, 107
 747, 531, -62, 107
 748, 532, -61, 107
 749, 532, -63, 107
 750, 533, -62, 107
 751, 533, -61, 106
 752, 534, -61, 107
 753, 534, -62, 108
 754, 535, -61, 107
 755, 535, -61, 107
 756, 536, -61, 107
 757, 536, -63, 108
 758, 537, -63, 107
 759, 537, -64, 108
 760, 538, -63, 107
 761, 538, -63, 107
 762, 539, -63, 108
 763, 539, -64, 107
 764, 540, -63, 108
 765, 540, -63, 107
 766, 541, -62, 108
 767, 541, -62, 107
 768, 542, -62, 108
 769, 542, -63, 107
 770, 543, -62, 107
 771, 543, -62, 106
 772, 544, -63, 107
 773, 544, -62, 107
 774, 545, -63, 107
 775, 545, -63, 107
 776, 546, -63, 107
 777, 546, -63, 107
 778, 547, -63, 107
 779, 547, -63, 107
 780, 548, -61, 106
 781, 548, -61, 108
 782, 549, -61, 107
 783, 549, -62, 107
 784, 550, -61, 107
 785, 550, -62, 108
 786, 551, -62, 105
 787, 551, -62, 107
 788, 552, -62, 107
 789, 552, -61, 107
 790, 553, -62, 107
 791, 553, -62, 107
 792, 554, -62, 107
 793, 554, -63, 108
 794, 555, -62, 107
 795, 555, -63, 107
 796, 556, -64, 107
 797, 556, -64, 108
 798, 557, -63, 107
 799, 557, -64, 107
 800, 558, -63, 107
 801, 558, -63, 107
 802, 559, -63, 107
 803, 559, -63, 108
 804, 560, -63, 107
 805, 560, -63, 107
 806, 561, -63, 107
 807, 561, -64, 107
 808, 562, -64, 107
 809, 562, -63, 108
 810, 563, -63, 108
 811, 563, -61, 107
 812, 564, -62, 107
 813, 564, -62, 107
 814, 565, -61, 107
 815, 565, -63, 107
 816, 566, -62, 107
 817, 566, -62, 107
 818, 567, -62, 107
 819, 567, -62, 107
 820, 568, -61, 108
 821, 568, -63, 107
 822, 569, -62, 107
 823, 569, -61, 107
 824, 570, -62, 107
 825, 570, -62, 108
 826, 571, -63, 107
 827, 571, -62, 107
 828, 572, -62, 107
 829, 572, -63, 108
 830, 573, -62, 107
 831, 573, -62, 107
 832, 574, -62, 108
 833, 574, -62, 107
 834, 575, -61, 107
 835, 575, -61, 107
 836, 576, -61, 106
 837, 576, -61, 107
 838, 577, -61, 107
 839, 577, -61, 108
 840, 578, -61, 107
 841, 578, -61, 107
 842, 579, -61, 107
 843, 579, -62, 107
 844, 580, -63, 107
 845, 580, -62, 107
 846, 581, -63, 107
 847, 581, -63, 107
 848, 582, -62, 107
 849, 582, -62, 107
 850, 583, -62, 107
 851, 583, -61, 107
 852, 584, -61, 107
 853, 584, -61, 107
 854, 585, -61, 108
 855, 585, -62, 107
 856, 586, -62, 107
 857, 586, -62, 107
 858, 587, -62, 108
 859, 587, -63, 107
 860, 588, -63, 107
 861, 588, -63, 107
 862, 589, -63, 107
 863, 589, -63, 106
 864, 590, -64, 107
 865, 590, -63, 107
 866, 591, -64, 107
 867, 591, -63, 107
 868, 592, -64, 106
 869, 592, -64, 107
 870, 593, -63, 107
 871, 593, -64, 107
 872, 594, -64, 107
 873, 594, -64, 107
 874, 595, -64, 107
 875, 595, -64, 108
 876, 596, -63, 107
 877, 596, -64, 108
 878, 597, -64, 106
 879, 597, -63, 106
 880, 598, -63, 107
 881, 598, -63, 107
 882, 599, -63, 106
 883, 599, -63, 108
 884, 600, -63, 107
 885, 600, -63, 107
 886, 601, -63, 107
 887, 601, -64, 107
 888, 602, -63, 107
 889, 602, -61, 107
 890, 603, -62, 107
 891, 603, -62, 107
 892, 604, -62, 108
 893, 604, -62, 107
 894, 605, -62, 107
 895, 605, -62, 108
 896, 606, -63, 107
 897, 606, -62, 106
 898, 607, -62, 107
 899, 607, -63, 107
 900, 608, -61, 107
 901, 608, -63, 106
 902, 609, -62, 107
 903, 609, -61, 107
 904, 610, -62, 107
 905, 610, -61, 106
 906, 611, -63, 107
 907, 611, -63, 107
 908, 612, -62, 107
 909, 612, -62, 107
 910, 613, -62, 107
 911, 613, -63, 107
 912, 614, -63, 107
 913, 614, -61, 108
 914, 615, -61, 107
 915, 615, -62, 107
 916, 616, -62, 106
 917, 616, -62, 107
 918, 617, -62, 107
 919, 617, -62, 107
 920, 618, -62, 107
 921, 618, -62, 108
 922, 619, -63, 108
 923, 619, -62, 107
 924, 620, -62, 108
 925, 620, -63, 107
 926, 621, -63, 107
 927, 621, -63, 107
 928, 622, -62, 107
 929, 622, -63, 107
 930, 623, -63, 108
 931, 623, -63, 108
 932, 624, -63, 107
 933, 624, -63, 107
 934, 625, -62, 107
 935, 625, -63, 107
 936, 626, -63, 107
 937, 626, -62, 107
 938, 627, -62, 107
 939, 627, -61, 107
 940, 628, -63, 108
 941, 628, -62, 107
 942, 629, -62, 107
 943, 629, -62, 106
 944, 630, -61, 108
 945, 630, -61, 105
 946, 631, -61, 106
 947, 631, -61, 107
 948, 632, -62, 107
 949, 632, -62, 107
 950, 633, -61, 107
 951, 633, -61, 107
 952, 634, -62, 107
 953, 634, -61, 107
 954, 635, -62, 106
 955, 635, -62, 107
 956, 636, -61, 107
 957, 636, -61, 107
 958, 637, -62, 108
 959, 637, -61, 106
 960, 638, -63, 107
 961, 638, -63, 107
 962, 639, -63, 107
 963, 639, -63, 107
 964, 640, -63, 107
 965, 640, -62, 107
 966, 641, -61, 107
 967, 641, -63, 108
 968, 642, -61, 107
 969, 642, -62, 107
 970, 643, -63, 106
 971, 643, -62, 107
 972, 644, -64, 107
 973, 644, -63, 107
 974, 645, -63, 107
 975, 645, -63, 107
 976, 646, -63, 107
 977, 646, -63, 107
 978, 647, -63, 107
 979, 647, -63, 108
 980, 648, -62, 107
 981, 648, -62, 107
 982, 649, -61, 107
 983, 649, -62, 107
 984, 650, -61, 107
 985, 650, -61, 107
 986, 651, -62, 107
 987, 651, -61, 107
 988, 652, -61, 107
 989, 652, -61, 107
 990, 653, -61, 108
 991, 653, -61, 107
 992, 654, -62, 107
 993, 654, -61, 107
 994, 655, -61, 107
 995, 655, -62, 108
 996, 656, -61, 108
 997, 656, -62, 107
 998, 657, -62, 107
 999, 657, -62, 107
 1000, 658, -63, 107
 1001, 658, -61, 107
 1002, 659, -62, 107
 1003, 659, -62, 107
 1004, 660, -63, 107
 1005, 660, -61, 107
 1006, 661, -61, 107
 1007, 661, -61, 107
 1008, 662, -61, 107
 1009, 662, -63, 107
 1010, 663, -63, 107
 1011, 663, -63, 108
 1012, 664, -63, 108
 1013, 664, -63, 105
 1014, 665, -63, 107
 1015, 665, -61, 107
 1016, 666, -61, 107
 1017, 666, -61, 107
 1018, 667, -62, 107
 1019, 667, -64, 107
 1020, 668, -63, 107
 1021, 668, -61, 107
 1022, 669, -60, 107
 1023, 669, -61, 107
 1024, 670, -60, 107
 1025, 670, -60, 107
 1026, 671, -61, 107
 1027, 671, -61, 108
 1028, 672, -62, 107
 1029, 672, -62, 107
 1030, 673, -62, 106
 1031, 673, -61, 108
 1032, 674, -61, 107
 1033, 674, -61, 108
 1034, 675, -62, 108
 1035, 675, -61, 108
 1036, 676, -61, 107
 1037, 676, -61, 107
 1038, 677, -61, 107
 1039, 677, -61, 107
 1040, 678, -61, 108
 1041, 678, -60, 106
 1042, 679, -60, 107
 1043, 679, -60, 108
 1044, 680, -61, 107
 1045, 680, -61, 108
 1046, 681, -61, 108
 1047, 681, -61, 107
 1048, 682, -61, 107
 1049, 682, -62, 107
 1050, 683, -62, 105
 1051, 683, -61, 107
 1052, 684, -62, 107
 1053, 684, -61, 108
 1054, 685, -61, 107
 1055, 685, -61, 107
 1056, 686, -61, 107
 1057, 686, -61, 107
 1058, 687, -61, 107
 1059, 687, -61, 106
 1060, 688, -61, 107
 1061, 688, -61, 108
 1062, 689, -61, 107
 1063, 689, -61, 108
 1064, 690, -61, 107
 1065, 690, -61, 107
 1066, 691, -61, 106
 1067, 691, -61, 107
 1068, 692, -61, 106
 1069, 692, -61, 107
 1070, 693, -61, 107
 1071, 693, -60, 107
 1072, 694, -61, 107
 1073, 694, -61, 107
 1074, 695, -61, 108
 1075, 695, -61, 107
 1076, 696, -60, 106
 1077, 696, -61, 107
 1078, 697, -61, 107
 1079, 697, -61, 107
 1080, 698, -61, 108
 1081, 698, -61, 107
 1082, 699, -61, 107
 1083, 699, -61, 107
 1084, 700, -61, 108
 1085, 700, -61, 107
 1086, 701, -61, 107
 1087, 701, -61, 107
 1088, 702, -60, 107
 1089, 702, -61, 107
 1090, 703, -61, 107
 1091, 703, -61, 107
 1092, 704, -60, 107
 1093, 704, -61, 107
 1094, 705, -61, 107
 1095, 705, -61, 107
 1096, 706, -60, 107
 1097, 706, -60, 107
 1098, 707, -60, 107
 1099, 707, -60, 108
 1100, 708, -60, 107
 1101, 708, -61, 107
 1102, 709, -61, 107
 1103, 709, -61, 107
 1104, 710, -61, 107
 1105, 710, -61, 107
 1106, 711, -62, 107
 1107, 711, -61, 107
 1108, 712, -61, 107
 1109, 712, -61, 107
 1110, 713, -61, 108
 1111, 713, -61, 107
 1112, 714, -62, 106
 1113, 714, -61, 107
 1114, 715, -62, 108
 1115, 715, -62, 108
 1116, 716, -61, 107
 1117, 716, -61, 107
 1118, 717, -62, 107
 1119, 717, -63, 107
 1120, 718, -63, 107
 1121, 718, -63, 107
 1122, 719, -61, 107
 1123, 719, -62, 107
 1124, 720, -63, 107
 1125, 720, -62, 107
 1126, 721, -62, 107
 1127, 721, -62, 107
 1128, 722, -62, 108
 1129, 722, -62, 107
 1130, 723, -61, 107
 1131, 723, -62, 107
 1132, 724, -63, 107
 1133, 724, -63, 107
 1134, 725, -63, 108
 1135, 725, -63, 107
 1136, 726, -63, 107
 1137, 726, -63, 106
 1138, 727, -62, 107
 1139, 727, -62, 107
 1140, 728, -63, 107
 1141, 728, -63, 107
 1142, 729, -62, 107
 1143, 729, -63, 107
 1144, 730, -62, 107
 1145, 730, -61, 106
 1146, 731, -61, 107
 1147, 731, -62, 108
 1148, 732, -63, 106
 1149, 732, -62, 107
 1150, 733, -61, 107
 1151, 733, -62, 107
 1152, 734, -62, 106
 1153, 734, -62, 107
 1154, 735, -61, 107
 1155, 735, -61, 107
 1156, 736, -62, 106
 1157, 736, -61, 107
 1158, 737, -62, 106
 1159, 737, -61, 107
 1160, 738, -62, 107
 1161, 738, -63, 107
 1162, 739, -64, 107
 1163, 739, -61, 107
 1164, 740, -61, 107
 1165, 740, -61, 107
 1166, 741, -61, 107
 1167, 741, -61, 107
 1168, 742, -61, 105
 1169, 742, -61, 108
 1170, 743, -61, 107
 1171, 743, -61, 106
 1172, 744, -61, 107
 1173, 744, -61, 107
 1174, 745, -61, 107
 1175, 745, -62, 107
 1176, 746, -62, 107
 1177, 746, -61, 107
 1178, 747, -61, 107
 1179, 747, -61, 107
 1180, 748, -62, 108
 1181, 748, -61, 107
 1182, 749, -62, 108
 1183, 749, -62, 107
 1184, 750, -61, 108
 1185, 750, -62, 107
 1186, 751, -62, 106
 1187, 751, -62, 108
 1188, 752, -61, 107
 1189, 752, -61, 107
 1190, 753, -61, 107
 1191, 753, -61, 108
 1192, 754, -61, 107
 1193, 754, -61, 107
 1194, 755, -61, 107
 1195, 755, -61, 108
 1196, 756, -61, 108
 1197, 756, -61, 107
 1198, 757, -62, 107
 1199, 757, -63, 108
 1200, 758, -62, 107
 1201, 758, -61, 107
 1202, 759, -60, 107
 1203, 759, -63, 107
 1204, 760, -63, 107
 1205, 760, -63, 108
 1206, 761, -64, 107
 1207, 761, -64, 107
 1208, 762, -64, 108
 1209, 762, -64, 107
 1210, 763, -64, 108
 1211, 763, -64, 108
 1212, 764, -64, 107
 1213, 764, -64, 107
 1214, 765, -64, 107
 1215, 765, -63, 107
 1216, 766, -63, 108
 1217, 766, -63, 107
 1218, 767, -63, 107
 1219, 767, -62, 107
 1220, 768, -63, 107
 1221, 768, -63, 107
 1222, 769, -63, 107
 1223, 769, -63, 107
 1224, 770, -63, 107
 1225, 770, -62, 106
 1226, 771, -63, 107
 1227, 771, -63, 106
 1228, 772, -63, 107
 1229, 772, -63, 107
 1230, 773, -63, 107
 1231, 773, -63, 108
 1232, 774, -64, 108
 1233, 774, -63, 107
 1234, 775, -63, 107
 1235, 775, -63, 107
 1236, 776, -63, 108
 1237, 776, -63, 107
 1238, 777, -61, 107
 1239, 777, -62, 107
 1240, 778, -62, 107
 1241, 778, -62, 107
 1242, 779, -63, 107
 1243, 779, -61, 107
 1244, 780, -61, 107
 1245, 780, -62, 107
 1246, 781, -62, 106
 1247, 781, -62, 107
 1248, 782, -61, 107
 1249, 782, -62, 107
 1250, 783, -62, 107
 1251, 783, -62, 107
 1252, 784, -63, 107
 1253, 784, -63, 107
 1254, 785, -64, 108
 1255, 785, -63, 107
 1256, 786, -62, 108
 1257, 786, -62, 107
 1258, 787, -62, 107
 1259, 787, -62, 107
 1260, 788, -62, 107
 1261, 788, -61, 108
 1262, 789, -62, 108
 1263, 789, -62, 108
 1264, 790, -61, 107
 1265, 790, -61, 107
 1266, 791, -62, 107
 1267, 791, -64, 108
 1268, 792, -64, 107
 1269, 792, -64, 108
 1270, 793, -63, 107
 1271, 793, -64, 107
 1272, 794, -64, 107
 1273, 794, -64, 107
 1274, 795, -63, 107
 1275, 795, -64, 107
 1276, 796, -63, 107
 1277, 796, -63, 107
 1278, 797, -63, 106
 1279, 797, -63, 108
 1280, 798, -63, 107
 1281, 798, -62, 107
 1282, 799, -62, 107
 1283, 799, -63, 107
 1284, 800, -63, 108
 1285, 800, -63, 107
 1286, 801, -63, 107
 1287, 801, -62, 107
 1288, 802, -62, 107
 1289, 802, -63, 107
 1290, 803, -64, 107
 1291, 803, -63, 107
 1292, 804, -62, 108
 1293, 804, -61, 107
 1294, 805, -62, 107
 1295, 805, -61, 107
 1296, 806, -62, 107
 1297, 806, -62, 107
 1298, 807, -61, 107
 1299, 807, -63, 107
 1300, 808, -63, 107
 1301, 808, -62, 107
 1302, 809, -63, 108
 1303, 809, -63, 107
 1304, 810, -63, 107
 1305, 810, -62, 108
 1306, 811, -63, 107
 1307, 811, -62, 107
 1308, 812, -62, 107
 1309, 812, -62, 106
 1310, 813, -62, 108
 1311, 813, -61, 107
 1312, 814, -62, 107
 1313, 814, -63, 108
 1314, 815, -63, 107
 1315, 815, -62, 107
 1316, 816, -62, 108
 1317, 816, -61, 107
 1318, 817, -61, 106
 1319, 817, -62, 107
 1320, 818, -63, 107
 1321, 818, -62, 107
 1322, 819, -62, 108
 1323, 819, -63, 107
 1324, 820, -63, 108
 1325, 820, -64, 107
 1326, 821, -63, 107
 1327, 821, -62, 107
 1328, 822, -63, 107
 1329, 822, -63, 107
 1330, 823, -63, 106
 1331, 823, -63, 108
 1332, 824, -63, 107
 1333, 824, -62, 107
 1334, 825, -61, 107
 1335, 825, -64, 107
 1336, 826, -63, 108
 1337, 826, -63, 107
 1338, 827, -62, 107
 1339, 827, -63, 107
 1340, 828, -63, 107
 1341, 828, -62, 107
 1342, 829, -61, 108
 1343, 829, -61, 107
 1344, 830, -60, 107
 1345, 830, -61, 107
 1346, 831, -61, 107
 1347, 831, -61, 107
 1348, 832, -63, 107
 1349, 832, -63, 107
 1350, 833, -62, 108
 1351, 833, -62, 107
 1352, 834, -63, 108
 1353, 834, -63, 107
 1354, 835, -64, 108
 1355, 835, -62, 107
 1356, 836, -61, 108
 1357, 836, -63, 107
 1358, 837, -63, 107
 1359, 837, -63, 107
 1360, 838, -61, 107
 1361, 838, -61, 107
 1362, 839, -60, 107
 1363, 839, -63, 107
 1364, 840, -62, 107
 1365, 840, -62, 107
 1366, 841, -62, 107
 1367, 841, -63, 107
 1368, 842, -62, 107
 1369, 842, -62, 108
 1370, 843, -63, 107
 1371, 843, -63, 107
 1372, 844, -62, 107
 1373, 844, -62, 107
 1374, 845, -63, 107
 1375, 845, -62, 107
 1376, 846, -62, 106
 1377, 846, -63, 107
 1378, 847, -63, 108
 1379, 847, -65, 107
 1380, 848, -63, 108
 1381, 848, -64, 107
 1382, 849, -64, 106
 1383, 849, -64, 106
 1384, 850, -64, 107
 1385, 850, -64, 107
 1386, 851, -62, 107
 1387, 851, -62, 108
 1388, 852, -61, 107
 1389, 852, -62, 107
 1390, 853, -61, 108
 1391, 853, -62, 107
 1392, 854, -63, 107
 1393, 854, -61, 107
 1394, 855, -62, 105
 1395, 855, -61, 105
 1396, 856, -61, 107
 1397, 856, -62, 107
 1398, 857, -61, 108
 1399, 857, -61, 107
 1400, 858, -62, 107
 1401, 858, -63, 108
 1402, 859, -62, 106
 1403, 859, -62, 107
 1404, 860, -61, 108
 1405, 860, -62, 107
 1406, 861, -63, 107
 1407, 861, -64, 108
 1408, 862, -63, 107
 1409, 862, -63, 107
 1410, 863, -62, 107
 1411, 863, -62, 107
 1412, 864, -62, 108
 1413, 864, -63, 108
 1414, 865, -61, 107
 1415, 865, -62, 107
 1416, 866, -62, 107
 1417, 866, -63, 107
 1418, 867, -64, 108
 1419, 867, -65, 107
 1420, 868, -64, 107
 1421, 868, -64, 108
 1422, 869, -63, 107
 1423, 869, -62, 108
 1424, 870, -63, 107
 1425, 870, -63, 107
 1426, 871, -61, 107
 1427, 871, -64, 107
 1428, 872, -63, 106
 1429, 872, -70, 108
 1430, 873, -65, 108
 1431, 873, -64, 107
 1432, 874, -63, 108
 1433, 874, -63, 108
 1434, 875, -61, 107
 1435, 875, -61, 108
 1436, 876, -61, 107
 1437, 876, -60, 107
 1438, 877, -61, 108
 1439, 877, -61, 107
 1440, 878, -61, 107
 1441, 878, -61, 108
 1442, 879, -61, 107
 1443, 879, -61, 108
 1444, 880, -61, 108
 1445, 880, -60, 108
 1446, 881, -61, 107
 1447, 881, -61, 107
 1448, 882, -61, 108
 1449, 882, -61, 107
 1450, 883, -60, 107
 1451, 883, -60, 107
 1452, 884, -60, 107
 1453, 884, -60, 108
 1454, 885, -60, 108
 1455, 885, -60, 107
 1456, 886, -60, 107
 1457, 886, -60, 107
 1458, 887, -61, 106
 1459, 887, -60, 106
 1460, 888, -60, 107
 1461, 888, -60, 107
 1462, 889, -60, 108
 1463, 889, -60, 107
 1464, 890, -60, 107
 1465, 890, -61, 107
 1466, 891, -66, 107
 1467, 891, -63, 107
 1468, 892, -66, 107
 1469, 892, -68, 107
 1470, 893, -68, 108
 1471, 893, -66, 107
 1472, 894, -65, 108
 1473, 894, -66, 108
 1474, 895, -65, 107
 1475, 895, -67, 108
 1476, 896, -66, 107
 1477, 896, -67, 108
 1478, 897, -70, 107
 1479, 897, -67, 107
 1480, 898, -69, 107
 1481, 898, -66, 108
 1482, 899, -68, 107
 1483, 899, -69, 108
 1484, 900, -67, 107
 1485, 900, -68, 108
 1486, 901, -67, 107
 1487, 901, -68, 108
 1488, 902, -69, 107
 1489, 902, -61, 107
 1490, 903, -61, 107
 1491, 903, -67, 108
 1492, 904, -72, 108
 1493, 904, -67, 107
 1494, 905, -68, 107
 1495, 905, -68, 107
 1496, 906, -67, 107
 1497, 906, -67, 107
 1498, 907, -67, 107
 1499, 907, -67, 108
 1500, 908, -67, 108
 1501, 908, -68, 107
 1502, 909, -68, 107
 1503, 909, -68, 107
 1504, 910, -67, 108
 1505, 910, -67, 107
 1506, 911, -67, 107
 1507, 911, -68, 108
 1508, 912, -66, 108
 1509, 912, -67, 108
 1510, 913, -66, 107
 1511, 913, -68, 108
 1512, 914, -66, 107
 1513, 914, -67, 107
 1514, 915, -65, 107
 1515, 915, -64, 107
 1516, 916, -66, 107
 1517, 916, -66, 107
 1518, 917, -63, 108
 1519, 917, -70, 107
 1520, 918, -66, 108
 1521, 918, -67, 108
 1522, 919, -67, 108
 1523, 919, -64, 108
 1524, 920, -72, 107
 1525, 920, -66, 108
 1526, 921, -65, 107
 1527, 921, -63, 108
 1528, 922, -66, 108
 1529, 922, -65, 107
 1530, 923, -64, 108
 1531, 923, -65, 108
 1532, 924, -65, 107
 1533, 924, -66, 108
 1534, 925, -65, 107
 1535, 925, -66, 105
 1536, 926, -66, 107
 1537, 926, -65, 107
 1538, 927, -65, 108
 1539, 927, -65, 107
 1540, 928, -66, 107
 1541, 928, -66, 107
 1542, 929, -72, 107
 1543, 929, -65, 108
 1544, 930, -64, 106
 1545, 930, -64, 108
 1546, 931, -68, 108
 1547, 931, -65, 108
 1548, 932, -65, 107
 1549, 932, -65, 105
 1550, 933, -64, 107
 1551, 933, -64, 107
 1552, 934, -64, 107
 1553, 934, -64, 106
 1554, 935, -66, 108
 1555, 935, -64, 107
 1556, 936, -64, 107
 1557, 936, -64, 107
 1558, 937, -65, 108
 1559, 937, -66, 107
 1560, 938, -64, 107
 1561, 938, -64, 107
 1562, 939, -65, 107
 1563, 939, -63, 108
 1564, 940, -64, 108
 1565, 940, -63, 107
 1566, 941, -63, 106
 1567, 941, -63, 107
 1568, 942, -63, 108
 1569, 942, -64, 107
 1570, 943, -63, 107
 1571, 943, -62, 107
 1572, 944, -62, 107
 1573, 944, -63, 107
 1574, 945, -63, 107
 1575, 945, -63, 108
 1576, 946, -64, 107
 1577, 946, -63, 107
 1578, 947, -66, 107
 1579, 947, -64, 108
 1580, 948, -64, 107
 1581, 948, -63, 107
 1582, 949, -63, 107
 1583, 949, -62, 107
 1584, 950, -62, 107
 1585, 950, -63, 107
 1586, 951, -64, 108
 1587, 951, -62, 107
 1588, 952, -67, 107
 1589, 952, -64, 107
 1590, 953, -58, 107
 1591, 953, -58, 106
 1592, 954, -60, 107
 1593, 954, -59, 108
 1594, 955, -60, 108
 1595, 955, -59, 108
 1596, 956, -59, 107
 1597, 956, -59, 108
 1598, 957, -60, 107
 1599, 957, -60, 107
 1600, 958, -61, 107
 1601, 958, -61, 107
 1602, 959, -59, 107
 1603, 959, -59, 108
 1604, 960, -60, 107
 1605, 960, -60, 107
 1606, 961, -61, 108
 1607, 961, -61, 107
 1608, 962, -60, 107
 1609, 962, -61, 107
 1610, 963, -59, 107
 1611, 963, -59, 107
 1612, 964, -58, 107
 1613, 964, -59, 107
 1614, 965, -60, 107
 1615, 965, -60, 108
 1616, 966, -60, 107
 1617, 966, -59, 107
 1618, 967, -60, 107
 1619, 967, -60, 107
 1620, 968, -60, 108
 1621, 968, -60, 108
 1622, 969, -59, 108
 1623, 969, -58, 107
 1624, 970, -58, 107
 1625, 970, -60, 107
 1626, 971, -59, 108
 1627, 971, -58, 107
 1628, 972, -57, 108
 1629, 972, -58, 108
 1630, 973, -58, 107
 1631, 973, -57, 106
 1632, 974, -57, 107
 1633, 974, -57, 107
 1634, 975, -58, 108
 1635, 975, -59, 107
 1636, 976, -60, 107
 1637, 976, -61, 108
 1638, 977, -60, 107
 1639, 977, -59, 106
 1640, 978, -60, 107
 1641, 978, -62, 108
 1642, 979, -61, 107
 1643, 979, -61, 107
 1644, 980, -61, 107
 1645, 980, -61, 107
 1646, 981, -61, 106
 1647, 981, -61, 106
 1648, 982, -61, 107
 1649, 982, -61, 107
 1650, 983, -61, 107
 1651, 983, -60, 107
 1652, 984, -60, 107
 1653, 984, -61, 107
 1654, 985, -61, 107
 1655, 985, -61, 107
 1656, 986, -60, 107
 1657, 986, -60, 107
 1658, 987, -60, 107
 1659, 987, -60, 107
 1660, 988, -60, 106
 1661, 988, -60, 107
 1662, 989, -59, 107
 1663, 989, -61, 107
 1664, 990, -60, 107
 1665, 990, -59, 107
 1666, 991, -59, 107
 1667, 991, -59, 108
 1668, 992, -60, 107
 1669, 992, -59, 106
 1670, 993, -60, 107
 1671, 993, -59, 107
 1672, 994, -59, 107
 1673, 994, -60, 107
 1674, 995, -60, 107
 1675, 995, -60, 108
 1676, 996, -60, 107
 1677, 996, -60, 107
 1678, 997, -60, 108
 1679, 997, -60, 107
 1680, 998, -59, 107
 1681, 998, -60, 107
 1682, 999, -63, 107
 1683, 999, -61, 107
 1684, 1000, -60, 107
 1685, 1000, -61, 107
 1686, 1001, -67, 107
 1687, 1001, -64, 107
 1688, 1002, -61, 107
 1689, 1002, -62, 107
 1690, 1003, -63, 107
 1691, 1003, -64, 107
 1692, 1004, -64, 107
 1693, 1004, -64, 107
 1694, 1005, -65, 107
 1695, 1005, -65, 107
 1696, 1006, -65, 107
 1697, 1006, -64, 108
 1698, 1007, -64, 108
 1699, 1007, -63, 107
 1700, 1008, -63, 107
 1701, 1008, -63, 108
 1702, 1009, -61, 107
 1703, 1009, -61, 107
 1704, 1010, -62, 108
 1705, 1010, -62, 108
 1706, 1011, -62, 107
 1707, 1011, -62, 106
 1708, 1012, -63, 108
 1709, 1012, -64, 107
 1710, 1013, -64, 101
 1711, 1013, -64, 107
 1712, 1014, -63, 107
 1713, 1014, -62, 106
 1714, 1015, -62, 107
 1715, 1015, -62, 106
 1716, 1016, -62, 107
 1717, 1016, -62, 108
 1718, 1017, -64, 107
 1719, 1017, -63, 108
 1720, 1018, -63, 107
 1721, 1018, -62, 107
 1722, 1019, -64, 108
 1723, 1019, -63, 108
 1724, 1020, -63, 108
 1725, 1020, -63, 107
 1726, 1021, -63, 106
 1727, 1021, -65, 107
 1728, 1022, -61, 108
 1729, 1022, -61, 107
 1730, 1023, -61, 107
 1731, 1023, -61, 107
 1732, 1024, -61, 107
 1733, 1024, -63, 107
 1734, 1025, -63, 106
 1735, 1025, -62, 108
 1736, 1026, -62, 107
 1737, 1026, -62, 107
 1738, 1027, -62, 107
 1739, 1027, -63, 108
 1740, 1028, -62, 108
 1741, 1028, -61, 106
 1742, 1029, -62, 108
 1743, 1029, -63, 107
 1744, 1030, -61, 108
 1745, 1030, -60, 108
 1746, 1031, -58, 108
 1747, 1031, -57, 107
 1748, 1032, -62, 108
 1749, 1032, -60, 107
 1750, 1033, -65, 108
 1751, 1033, -61, 107
 1752, 1034, -60, 107
 1753, 1034, -61, 107
 1754, 1035, -62, 107
 1755, 1035, -62, 107
 1756, 1036, -63, 107
 1757, 1036, -61, 107
 1758, 1037, -60, 107
 1759, 1037, -62, 107
 1760, 1038, -63, 107
 1761, 1038, -62, 107
 1762, 1039, -64, 107
 1763, 1039, -60, 108
 1764, 1040, -61, 107
 1765, 1040, -61, 107
 1766, 1041, -62, 107
 1767, 1041, -60, 108
 1768, 1042, -58, 107
 1769, 1042, -62, 107
 1770, 1043, -59, 107
 1771, 1043, -59, 108
 1772, 1044, -58, 107
 1773, 1044, -58, 107
 1774, 1045, -59, 108
 1775, 1045, -59, 107
 1776, 1046, -58, 108
 1777, 1046, -59, 107
 1778, 1047, -59, 106
 1779, 1047, -58, 107
 1780, 1048, -60, 108
 1781, 1048, -59, 107
 1782, 1049, -61, 107
 1783, 1049, -61, 107
 1784, 1050, -63, 108
 1785, 1050, -61, 107
 1786, 1051, -61, 108
 1787, 1051, -62, 107
 1788, 1052, -65, 107
 1789, 1052, -62, 108
 1790, 1053, -63, 107
 1791, 1053, -61, 107
 1792, 1054, -59, 108
 1793, 1054, -57, 107
 1794, 1055, -59, 107
 1795, 1055, -60, 107
 1796, 1056, -59, 107
 1797, 1056, -59, 108
 1798, 1057, -58, 106
 1799, 1057, -60, 107
 1800, 1058, -59, 107
 1801, 1058, -58, 107
 1802, 1059, -58, 107
